Analysing train_full.txt:

============================================================ Sense checks =============================================================
Shape of attributes: (3900, 16)
Shape of labels: (3900,)
Unique classes: ['A', 'C', 'E', 'G', 'O', 'Q']

======================================================= Full dataset statistics =======================================================
For each attribute across the whole dataset:

Min:     0.000   0.000   1.000   0.000   0.000   2.000   0.000   0.000   0.000   3.000   0.000   4.000   0.000   1.000   0.000   1.000
Max:    10.000  15.000  11.000  12.000  14.000  14.000  14.000  10.000  12.000  13.000  11.000  15.000  12.000  15.000  11.000  14.000
Range:  10.000  15.000  10.000  12.000  14.000  12.000  14.000  10.000  12.000  10.000  11.000  11.000  12.000  14.000  11.000  13.000
Mean:    3.895   6.915   4.900   5.449   3.452   7.119   6.455   5.309   5.097   7.854   5.715   9.577   2.711   8.024   4.522   8.420
Median:  4.000   7.000   5.000   6.000   3.000   7.000   7.000   6.000   5.000   7.000   6.000   9.000   2.000   8.000   4.000   8.000
S.d.:    1.710   3.306   1.678   2.273   1.961   1.816   1.887   1.998   2.599   1.923   2.158   2.010   1.629   1.350   1.827   1.494

======================================================= Frequency of each class =======================================================
Class A: Frequency = 667, Proportion = 0.171
Class C: Frequency = 599, Proportion = 0.154
Class E: Frequency = 659, Proportion = 0.169
Class G: Frequency = 671, Proportion = 0.172
Class O: Frequency = 637, Proportion = 0.163
Class Q: Frequency = 667, Proportion = 0.171

===================================================== Individual class statistics =====================================================

Min for each attribute in each class:
Class A:  1.000   0.000   2.000   0.000   0.000   5.000   0.000   0.000   0.000   3.000   0.000   5.000   1.000   1.000   0.000   1.000
Class C:  0.000   0.000   1.000   0.000   0.000   2.000   4.000   3.000   2.000   4.000   4.000   6.000   0.000   6.000   2.000   4.000
Class E:  0.000   0.000   1.000   0.000   0.000   2.000   4.000   1.000   2.000   5.000   3.000   8.000   0.000   6.000   3.000   3.000
Class G:  1.000   0.000   1.000   0.000   0.000   5.000   3.000   2.000   1.000   4.000   2.000   4.000   1.000   6.000   3.000   6.000
Class O:  1.000   0.000   1.000   0.000   0.000   4.000   4.000   3.000   1.000   5.000   3.000   4.000   2.000   5.000   2.000   5.000
Class Q:  1.000   0.000   1.000   0.000   0.000   5.000   3.000   3.000   0.000   3.000   2.000   5.000   1.000   1.000   2.000   5.000

Max for each attribute in each class:
Class A: 10.000  15.000  11.000   9.000   9.000  14.000   9.000   8.000   6.000  12.000   9.000  14.000   9.000  11.000  11.000  11.000
Class C: 10.000  15.000   9.000   9.000   9.000   9.000  10.000  10.000  12.000  13.000  11.000  15.000  10.000  12.000  10.000  13.000
Class E: 10.000  15.000  10.000   9.000  10.000  10.000  10.000   8.000  12.000  12.000  10.000  15.000   9.000  12.000  11.000  13.000
Class G: 10.000  15.000  10.000   9.000  12.000  11.000  10.000   9.000  10.000  12.000   9.000  14.000  11.000  13.000  10.000  14.000
Class O: 10.000  15.000  10.000   9.000  12.000  10.000  10.000   9.000   9.000  10.000   9.000  11.000  12.000  12.000   9.000  14.000
Class Q: 10.000  15.000  11.000  12.000  14.000  12.000  14.000   9.000  10.000  12.000  10.000  12.000  11.000  15.000  10.000  14.000

Range for each attribute in each class:
Class A:  9.000  15.000   9.000   9.000   9.000   9.000   9.000   8.000   6.000   9.000   9.000   9.000   8.000  10.000  11.000  10.000
Class C: 10.000  15.000   8.000   9.000   9.000   7.000   6.000   7.000  10.000   9.000   7.000   9.000  10.000   6.000   8.000   9.000
Class E: 10.000  15.000   9.000   9.000  10.000   8.000   6.000   7.000  10.000   7.000   7.000   7.000   9.000   6.000   8.000  10.000
Class G:  9.000  15.000   9.000   9.000  12.000   6.000   7.000   7.000   9.000   8.000   7.000  10.000  10.000   7.000   7.000   8.000
Class O:  9.000  15.000   9.000   9.000  12.000   6.000   6.000   6.000   8.000   5.000   6.000   7.000  10.000   7.000   7.000   9.000
Class Q:  9.000  15.000  10.000  12.000  14.000   7.000  11.000   6.000  10.000   9.000   8.000   7.000  10.000  14.000   8.000   9.000

Means for each attribute in each class:
Class A:  3.361   6.976   5.132   5.181   2.973   8.850   3.610   2.699   2.021   7.801   2.349   8.499   2.769   6.304   2.835   7.501
Class C:  4.088   7.129   4.758   5.331   2.840   5.402   7.609   5.890   7.114   8.801   7.526  11.932   2.045   8.880   4.090   8.528
Class E:  3.716   6.951   4.754   5.205   3.684   5.938   7.341   4.240   7.639   8.501   6.256  10.354   2.114   8.293   6.008   8.476
Class G:  4.077   6.969   4.975   5.270   3.551   6.870   6.560   5.963   5.344   7.405   6.145   9.586   2.812   8.349   5.143   9.230
Class O:  4.140   7.143   4.876   5.333   3.480   7.331   6.956   7.137   4.821   7.920   5.862   8.031   3.356   8.102   3.644   7.859
Class Q:  4.016   6.355   4.889   6.357   4.121   8.144   6.804   6.051   3.864   6.805   6.349   9.241   3.120   8.310   5.340   8.909

Medians for each attribute in each class:
Class A:  3.000   7.000   5.000   5.000   3.000   8.000   3.000   2.000   2.000   7.000   2.000   8.000   2.000   6.000   3.000   8.000
Class C:  4.000   8.000   5.000   6.000   2.000   5.000   8.000   6.000   7.000   8.000   8.000  12.000   1.000   9.000   4.000   9.000
Class E:  4.000   7.000   5.000   6.000   3.000   6.000   7.000   5.000   8.000   7.000   6.000   9.000   2.000   8.000   6.000   8.000
Class G:  4.000   7.000   5.000   6.000   3.000   7.000   7.000   6.000   5.000   7.000   6.000  10.000   2.000   8.000   5.000   9.000
Class O:  4.000   8.000   5.000   6.000   3.000   7.000   7.000   7.000   5.000   7.000   6.000   8.000   3.000   8.000   3.000   8.000
Class Q:  4.000   6.000   5.000   6.000   4.000   8.000   7.000   6.000   4.000   6.000   6.000   9.000   3.000   8.000   5.000   9.000

Standard Deviations for each attribute in each class:
Class A:  1.540   3.361   1.555   2.149   1.750   1.928   1.872   1.242   1.263   1.719   1.889   1.239   1.358   1.251   1.578   1.435
Class C:  1.807   3.303   1.579   2.142   1.726   1.184   0.939   1.358   1.909   2.166   1.489   1.751   1.637   0.983   1.536   1.378
Class E:  1.552   3.171   1.803   2.112   1.899   1.916   0.861   1.642   2.118   2.003   1.198   2.282   1.655   0.764   1.479   1.542
Class G:  1.726   3.375   1.662   2.202   2.058   0.993   1.068   1.170   1.785   1.675   1.061   1.583   1.807   1.070   1.475   1.373
Class O:  1.762   3.320   1.656   2.207   1.904   0.780   0.961   1.276   1.523   1.287   1.152   1.074   1.642   0.684   1.084   0.898
Class Q:  1.730   3.237   1.758   2.552   2.093   0.961   1.822   1.462   1.907   1.889   1.641   1.199   1.173   1.472   1.564   1.489


Analysing train_sub.txt:

============================================================ Sense checks =============================================================
Shape of attributes: (600, 16)
Shape of labels: (600,)
Unique classes: ['A', 'C', 'E', 'G', 'O', 'Q']

======================================================= Full dataset statistics =======================================================
For each attribute across the whole dataset:

Min:     0.000   0.000   1.000   0.000   0.000   2.000   0.000   1.000   0.000   3.000   0.000   4.000   0.000   2.000   1.000   1.000
Max:    10.000  15.000  10.000  11.000  11.000  14.000  12.000  10.000  12.000  13.000  11.000  15.000   9.000  15.000  10.000  13.000
Range:  10.000  15.000   9.000  11.000  11.000  12.000  12.000   9.000  12.000  10.000  11.000  11.000   9.000  13.000   9.000  12.000
Mean:    3.913   6.953   4.848   5.402   3.212   6.728   6.727   5.303   5.672   8.285   5.993  10.025   2.453   8.152   4.322   8.197
Median:  4.000   7.000   5.000   6.000   3.000   7.000   7.000   6.000   6.000   8.000   6.000   9.000   2.000   8.000   4.000   8.000
S.d.:    1.809   3.414   1.722   2.284   1.791   1.979   1.813   2.004   2.672   1.960   2.282   2.294   1.476   1.330   1.717   1.438

======================================================= Frequency of each class =======================================================
Class A: Frequency = 94, Proportion = 0.157
Class C: Frequency = 187, Proportion = 0.312
Class E: Frequency = 129, Proportion = 0.215
Class G: Frequency = 21, Proportion = 0.035
Class O: Frequency = 113, Proportion = 0.188
Class Q: Frequency = 56, Proportion = 0.093

===================================================== Individual class statistics =====================================================
Min for each attribute in each class:
Class A:  1.000   0.000   2.000   0.000   0.000   5.000   0.000   1.000   0.000   3.000   0.000   6.000   1.000   2.000   1.000   1.000
Class C:  0.000   0.000   1.000   0.000   0.000   2.000   5.000   3.000   2.000   4.000   4.000   6.000   0.000   6.000   2.000   5.000
Class E:  0.000   0.000   1.000   0.000   0.000   2.000   5.000   1.000   2.000   5.000   4.000   8.000   0.000   7.000   3.000   4.000
Class G:  1.000   1.000   2.000   1.000   1.000   5.000   3.000   4.000   2.000   5.000   4.000   4.000   1.000   7.000   3.000   6.000
Class O:  1.000   0.000   1.000   0.000   0.000   5.000   5.000   4.000   1.000   6.000   4.000   4.000   2.000   5.000   2.000   5.000
Class Q:  1.000   0.000   2.000   1.000   1.000   7.000   3.000   3.000   0.000   4.000   3.000   7.000   2.000   4.000   3.000   6.000

Max for each attribute in each class:
Class A:  8.000  15.000  10.000   9.000   8.000  14.000   8.000   8.000   5.000  12.000   8.000  12.000   9.000  10.000  10.000  11.000
Class C: 10.000  15.000   9.000   9.000   8.000   8.000  10.000  10.000  11.000  13.000  11.000  15.000   8.000  12.000   9.000  11.000
Class E: 10.000  15.000   9.000   9.000   8.000  10.000  10.000   7.000  12.000  12.000  10.000  15.000   6.000  11.000  10.000  12.000
Class G: 10.000  15.000   9.000   9.000  11.000   8.000   8.000   8.000   8.000   9.000   8.000  12.000   8.000  10.000   9.000  13.000
Class O: 10.000  15.000   9.000   9.000  10.000   9.000  10.000   9.000   9.000  10.000   9.000  11.000   9.000  10.000   7.000  10.000
Class Q:  9.000  15.000   8.000  11.000  10.000  11.000  12.000   9.000   9.000  12.000   9.000  12.000   6.000  15.000   9.000  12.000

Range for each attribute in each class:
Class A:  7.000  15.000   8.000   9.000   8.000   9.000   8.000   7.000   5.000   9.000   8.000   6.000   8.000   8.000   9.000  10.000
Class C: 10.000  15.000   8.000   9.000   8.000   6.000   5.000   7.000   9.000   9.000   7.000   9.000   8.000   6.000   7.000   6.000
Class E: 10.000  15.000   8.000   9.000   8.000   8.000   5.000   6.000  10.000   7.000   6.000   7.000   6.000   4.000   7.000   8.000
Class G:  9.000  14.000   7.000   8.000  10.000   3.000   5.000   4.000   6.000   4.000   4.000   8.000   7.000   3.000   6.000   7.000
Class O:  9.000  15.000   8.000   9.000  10.000   4.000   5.000   5.000   8.000   4.000   5.000   7.000   7.000   5.000   5.000   5.000
Class Q:  8.000  15.000   6.000  10.000   9.000   4.000   9.000   6.000   9.000   8.000   6.000   5.000   4.000  11.000   6.000   6.000

Means for each attribute in each class:
Class A:  3.351   7.426   5.223   5.415   2.894   9.149   3.649   2.660   2.053   7.968   2.202   8.564   2.745   6.298   2.755   7.521
Class C:  4.144   6.984   4.749   5.337   2.840   5.385   7.679   5.914   7.107   8.957   7.551  12.048   1.968   8.957   4.102   8.535
Class E:  3.721   6.558   4.705   5.000   3.512   5.752   7.450   4.233   7.659   8.659   6.504  10.264   2.016   8.333   5.814   8.217
Class G:  4.286   6.952   5.238   5.286   3.524   6.810   6.143   6.000   5.381   6.857   5.714   9.429   2.667   8.190   5.143   9.143
Class O:  4.062   7.080   4.770   5.381   3.195   7.345   6.947   7.274   5.088   7.858   5.894   8.000   3.150   8.018   3.646   7.796
Class Q:  4.089   6.714   4.893   6.607   4.214   8.125   6.821   5.929   3.661   7.107   6.286   9.482   3.107   8.411   5.304   8.607

Medians for each attribute in each class:
Class A:  3.000   8.000   5.000   6.000   3.000   9.000   3.000   3.000   2.000   8.000   2.000   8.000   2.000   6.000   3.000   8.000
Class C:  4.000   8.000   5.000   6.000   2.000   5.000   8.000   6.000   7.000   9.000   8.000  12.000   1.000   9.000   4.000   9.000
Class E:  4.000   7.000   4.000   5.000   3.000   6.000   7.000   5.000   8.000   7.000   6.000   9.000   2.000   8.000   6.000   8.000
Class G:  4.000   7.000   6.000   6.000   3.000   7.000   6.000   6.000   6.000   6.000   6.000  10.000   2.000   8.000   5.000   9.000
Class O:  4.000   7.000   5.000   6.000   3.000   7.000   7.000   7.000   5.000   7.000   6.000   8.000   3.000   8.000   3.000   8.000
Class Q:  4.000   7.000   5.000   6.000   4.000   8.000   7.000   6.000   3.000   7.000   7.000   9.500   3.000   8.000   5.000   8.000

Standard Deviations for each attribute in each class:
Class A:  1.528   3.286   1.524   2.023   1.647   1.984   1.730   0.974   1.179   1.716   1.784   1.126   1.383   1.303   1.366   1.486
Class C:  1.958   3.606   1.698   2.254   1.637   1.143   0.904   1.369   1.779   2.154   1.513   1.716   1.491   0.941   1.454   1.389
Class E:  1.647   3.261   1.882   2.153   1.835   1.847   0.844   1.563   2.158   2.010   1.353   2.331   1.484   0.771   1.445   1.623
Class G:  2.433   4.192   2.223   2.831   2.403   0.957   1.082   1.155   1.786   1.424   1.075   1.841   1.643   0.906   1.457   1.552
Class O:  1.700   3.300   1.591   2.223   1.545   0.796   0.901   1.207   1.526   1.218   1.076   1.227   1.184   0.704   0.959   0.833
Class Q:  1.766   3.081   1.655   2.561   2.059   0.867   1.833   1.437   2.064   1.770   1.687   1.225   0.994   1.533   1.546   1.291


Analysing train_noisy.txt:

============================================================ Sense checks =============================================================

Shape of attributes: (3900, 16)
Shape of labels: (3900,)
Unique classes: ['A', 'C', 'E', 'G', 'O', 'Q']

======================================================= Full dataset statistics =======================================================
For each attribute across the whole dataset:

Min:     0.000   0.000   1.000   0.000   0.000   2.000   0.000   0.000   0.000   3.000   0.000   4.000   0.000   1.000   0.000   1.000
Max:    10.000  15.000  11.000  12.000  14.000  14.000  14.000  10.000  12.000  13.000  11.000  15.000  12.000  15.000  11.000  14.000
Range:  10.000  15.000  10.000  12.000  14.000  12.000  14.000  10.000  12.000  10.000  11.000  11.000  12.000  14.000  11.000  13.000
Mean:    3.895   6.915   4.900   5.449   3.452   7.119   6.455   5.309   5.097   7.854   5.715   9.577   2.711   8.024   4.522   8.420
Median:  4.000   7.000   5.000   6.000   3.000   7.000   7.000   6.000   5.000   7.000   6.000   9.000   2.000   8.000   4.000   8.000
S.d.:    1.710   3.306   1.678   2.273   1.961   1.816   1.887   1.998   2.599   1.923   2.158   2.010   1.629   1.350   1.827   1.494

======================================================= Frequency of each class =======================================================
Class A: Frequency = 681, Proportion = 0.175
Class C: Frequency = 571, Proportion = 0.146
Class E: Frequency = 678, Proportion = 0.174
Class G: Frequency = 622, Proportion = 0.159
Class O: Frequency = 666, Proportion = 0.171
Class Q: Frequency = 682, Proportion = 0.175

===================================================== Individual class statistics =====================================================
Min for each attribute in each class:
Class A:  1.000   0.000   2.000   0.000   0.000   5.000   0.000   0.000   0.000   3.000   0.000   5.000   1.000   1.000   0.000   1.000
Class C:  0.000   0.000   1.000   0.000   0.000   2.000   5.000   2.000   3.000   4.000   4.000   7.000   0.000   6.000   2.000   5.000
Class E:  0.000   0.000   1.000   0.000   0.000   2.000   4.000   1.000   2.000   5.000   3.000   5.000   0.000   3.000   3.000   2.000
Class G:  1.000   0.000   1.000   0.000   0.000   5.000   3.000   3.000   1.000   4.000   3.000   4.000   1.000   4.000   3.000   5.000
Class O:  1.000   0.000   1.000   0.000   0.000   4.000   4.000   4.000   1.000   4.000   3.000   4.000   2.000   2.000   2.000   4.000
Class Q:  1.000   0.000   1.000   0.000   0.000   6.000   2.000   1.000   0.000   3.000   1.000   4.000   1.000   1.000   2.000   2.000

Max for each attribute in each class:
Class A: 10.000  15.000  11.000  11.000   9.000  14.000  12.000   8.000   6.000  12.000   9.000  14.000  10.000  15.000  11.000  11.000
Class C:  9.000  15.000  10.000   9.000   8.000   8.000  13.000   9.000  12.000  13.000  11.000  15.000   8.000  14.000   9.000  13.000
Class E: 10.000  15.000  10.000  11.000  12.000  10.000  10.000   8.000  12.000  12.000  10.000  15.000   8.000  12.000  11.000  14.000
Class G: 10.000  15.000  11.000  10.000  12.000  10.000  10.000  10.000  10.000  12.000   9.000  13.000  12.000  15.000  11.000  14.000
Class O: 10.000  15.000  10.000   9.000  12.000  10.000  10.000   9.000   9.000  13.000  10.000  13.000  12.000  13.000   9.000  12.000
Class Q:  9.000  15.000  11.000  12.000  14.000  12.000  14.000   9.000   9.000  12.000  10.000  12.000  10.000  15.000  10.000  14.000

Range for each attribute in each class:
Class A:  9.000  15.000   9.000  11.000   9.000   9.000  12.000   8.000   6.000   9.000   9.000   9.000   9.000  14.000  11.000  10.000
Class C:  9.000  15.000   9.000   9.000   8.000   6.000   8.000   7.000   9.000   9.000   7.000   8.000   8.000   8.000   7.000   8.000
Class E: 10.000  15.000   9.000  11.000  12.000   8.000   6.000   7.000  10.000   7.000   7.000  10.000   8.000   9.000   8.000  12.000
Class G:  9.000  15.000  10.000  10.000  12.000   5.000   7.000   7.000   9.000   8.000   6.000   9.000  11.000  11.000   8.000   9.000
Class O:  9.000  15.000   9.000   9.000  12.000   6.000   6.000   5.000   8.000   9.000   7.000   9.000  10.000  11.000   7.000   8.000
Class Q:  8.000  15.000  10.000  12.000  14.000   6.000  12.000   8.000   9.000   9.000   9.000   8.000   9.000  14.000   8.000  12.000

Means for each attribute in each class:
Class A:  3.426   7.034   5.181   5.206   3.035   8.871   3.589   2.718   2.047   7.852   2.364   8.558   2.812   6.314   2.888   7.523
Class C:  3.996   6.946   4.609   5.221   2.644   5.224   7.636   5.912   7.231   8.841   7.574  12.098   1.891   8.830   3.811   8.443
Class E:  3.763   7.078   4.802   5.276   3.740   5.878   7.326   4.155   7.696   8.484   6.201  10.277   2.136   8.227   6.111   8.391
Class G:  4.201   7.232   5.209   5.363   3.812   6.865   6.571   5.908   5.283   7.441   6.244   9.674   2.982   8.508   5.368   9.449
Class O:  4.143   7.164   4.851   5.306   3.404   7.401   6.995   7.254   4.919   7.935   5.856   8.026   3.323   8.114   3.605   7.860
Class Q:  3.891   6.078   4.727   6.274   3.974   8.147   6.830   6.092   3.774   6.701   6.403   9.216   3.021   8.327   5.290   8.934

Medians for each attribute in each class:
Class A:  3.000   7.000   5.000   5.000   3.000   8.000   3.000   3.000   2.000   7.000   2.000   8.000   2.000   6.000   3.000   8.000
Class C:  4.000   7.000   5.000   5.000   2.000   5.000   8.000   6.000   7.000   9.000   8.000  12.000   1.000   9.000   4.000   9.000
Class E:  4.000   8.000   5.000   6.000   3.000   6.000   7.000   4.000   8.000   7.000   6.000   9.000   2.000   8.000   6.000   8.000
Class G:  4.000   7.000   5.000   6.000   3.000   7.000   7.000   6.000   5.000   7.000   6.000  10.000   2.000   8.000   5.000   9.000
Class O:  4.000   8.000   5.000   6.000   3.000   7.000   7.000   7.000   5.000   7.000   6.000   8.000   3.000   8.000   3.000   8.000
Class Q:  4.000   6.000   5.000   6.000   4.000   8.000   7.000   6.000   3.000   6.000   6.000   9.000   3.000   8.000   5.000   9.000

Standard Deviations for each attribute in each class:
Class A:  1.589   3.340   1.583   2.146   1.795   1.894   1.801   1.156   1.277   1.715   1.825   1.265   1.374   1.252   1.575   1.359
Class C:  1.803   3.318   1.524   2.182   1.522   1.030   0.925   1.198   1.781   2.075   1.483   1.636   1.545   0.977   1.033   1.252
Class E:  1.559   3.226   1.806   2.141   1.939   1.893   0.951   1.598   2.005   2.019   1.257   2.332   1.609   0.872   1.572   1.572
Class G:  1.728   3.131   1.683   2.073   2.125   0.859   1.075   1.256   1.800   1.723   1.103   1.286   1.839   1.173   1.682   1.405
Class O:  1.816   3.404   1.698   2.264   1.882   0.741   0.969   1.136   1.536   1.530   1.097   1.171   1.642   0.767   1.061   0.844
Class Q:  1.651   3.262   1.652   2.575   2.079   0.906   1.724   1.447   1.863   1.694   1.590   1.294   1.256   1.287   1.386   1.522Comparison between train_full and train_noisy datasets:


Comparing train_full.txt to train_noisy.txt:

Overall Proportion of Mismatch: 0.1533

Overall Metrics:
  Accuracy: 0.8467
  Precision (Macro): 0.8452
  Recall (Macro): 0.8464
  F1 Score (Macro): 0.8454
  Precision (Weighted): 0.8452
  Recall (Weighted): 0.8467
  F1 Score (Weighted): 0.8455

Confusion Matrix:
[[639,   9,   3,   0,   3,  13],
 [  9, 478,  27,  43,  40,   2],
 [  0,   5, 595,  48,   0,  11],
 [ 10,  56,  21, 473,  22,  89],
 [ 15,  21,   0,  19, 566,  16],
 [  8,   2,  32,  39,  35, 551]]

Class A Metrics:
  True Positives: 639
  False Positives: 42
  False Negatives: 28
  Accuracy: 0.9821
  Precision: 0.9383
  Recall: 0.9580
  F1 Score: 0.9481

Class C Metrics:
  True Positives: 478
  False Positives: 93
  False Negatives: 121
  Accuracy: 0.9451
  Precision: 0.8371
  Recall: 0.7980
  F1 Score: 0.8171

Class E Metrics:
  True Positives: 595
  False Positives: 83
  False Negatives: 64
  Accuracy: 0.9623
  Precision: 0.8776
  Recall: 0.9029
  F1 Score: 0.8901

Class G Metrics:
  True Positives: 473
  False Positives: 149
  False Negatives: 198
  Accuracy: 0.9110
  Precision: 0.7605
  Recall: 0.7049
  F1 Score: 0.7316

Class O Metrics:
  True Positives: 566
  False Positives: 100
  False Negatives: 71
  Accuracy: 0.9562
  Precision: 0.8498
  Recall: 0.8885
  F1 Score: 0.8688

Class Q Metrics:
  True Positives: 551
  False Positives: 131
  False Negatives: 116
  Accuracy: 0.9367
  Precision: 0.8079
  Recall: 0.8261
  F1 Score: 0.8169
