n_estimators,tree_depth,min_samples_split,max_features,Accuracy
1,4,2,2,0.402821
1,4,2,4,0.525641
1,4,2,8,0.599231
1,4,2,10,0.632564
1,4,2,12,0.641282
1,4,2,16,0.625385
1,4,5,2,0.398205
1,4,5,4,0.516154
1,4,5,8,0.604615
1,4,5,10,0.622821
1,4,5,12,0.641026
1,4,5,16,0.62641
1,4,10,2,0.391282
1,4,10,4,0.527436
1,4,10,8,0.624359
1,4,10,10,0.610256
1,4,10,12,0.628974
1,4,10,16,0.633846
1,4,15,2,0.436667
1,4,15,4,0.545385
1,4,15,8,0.612564
1,4,15,10,0.641795
1,4,15,12,0.621795
1,4,15,16,0.641282
1,4,20,2,0.502821
1,4,20,4,0.557436
1,4,20,8,0.62359
1,4,20,10,0.612821
1,4,20,12,0.637179
1,4,20,16,0.635897
1,4,25,2,0.447692
1,4,25,4,0.549487
1,4,25,8,0.604615
1,4,25,10,0.632564
1,4,25,12,0.641282
1,4,25,16,0.635641
1,4,30,2,0.395128
1,4,30,4,0.548205
1,4,30,8,0.616154
1,4,30,10,0.627949
1,4,30,12,0.638718
1,4,30,16,0.630513
1,8,2,2,0.507692
1,8,2,4,0.663333
1,8,2,8,0.781282
1,8,2,10,0.813077
1,8,2,12,0.814359
1,8,2,16,0.829231
1,8,5,2,0.434872
1,8,5,4,0.644615
1,8,5,8,0.79359
1,8,5,10,0.805385
1,8,5,12,0.812051
1,8,5,16,0.844872
1,8,10,2,0.503333
1,8,10,4,0.624103
1,8,10,8,0.771282
1,8,10,10,0.820256
1,8,10,12,0.830769
1,8,10,16,0.837949
1,8,15,2,0.395897
1,8,15,4,0.652051
1,8,15,8,0.801026
1,8,15,10,0.794615
1,8,15,12,0.81641
1,8,15,16,0.834359
1,8,20,2,0.453846
1,8,20,4,0.655128
1,8,20,8,0.76
1,8,20,10,0.809487
1,8,20,12,0.835385
1,8,20,16,0.824359
1,8,25,2,0.392308
1,8,25,4,0.618462
1,8,25,8,0.758462
1,8,25,10,0.804615
1,8,25,12,0.815897
1,8,25,16,0.835641
1,8,30,2,0.45641
1,8,30,4,0.650769
1,8,30,8,0.791026
1,8,30,10,0.802051
1,8,30,12,0.809487
1,8,30,16,0.820769
1,12,2,2,0.430256
1,12,2,4,0.70641
1,12,2,8,0.815641
1,12,2,10,0.851282
1,12,2,12,0.878205
1,12,2,16,0.887692
1,12,5,2,0.522051
1,12,5,4,0.631538
1,12,5,8,0.824615
1,12,5,10,0.859487
1,12,5,12,0.86641
1,12,5,16,0.884359
1,12,10,2,0.492051
1,12,10,4,0.658718
1,12,10,8,0.815641
1,12,10,10,0.872308
1,12,10,12,0.871026
1,12,10,16,0.874359
1,12,15,2,0.441538
1,12,15,4,0.62
1,12,15,8,0.836667
1,12,15,10,0.854359
1,12,15,12,0.859487
1,12,15,16,0.875641
1,12,20,2,0.430256
1,12,20,4,0.674872
1,12,20,8,0.813077
1,12,20,10,0.81641
1,12,20,12,0.853333
1,12,20,16,0.881282
1,12,25,2,0.449487
1,12,25,4,0.672308
1,12,25,8,0.807179
1,12,25,10,0.841282
1,12,25,12,0.860769
1,12,25,16,0.873333
1,12,30,2,0.453846
1,12,30,4,0.659744
1,12,30,8,0.793846
1,12,30,10,0.838462
1,12,30,12,0.84641
1,12,30,16,0.872308
1,16,2,2,0.382821
1,16,2,4,0.58641
1,16,2,8,0.842821
1,16,2,10,0.868974
1,16,2,12,0.871026
1,16,2,16,0.904872
1,16,5,2,0.444615
1,16,5,4,0.65641
1,16,5,8,0.849744
1,16,5,10,0.869231
1,16,5,12,0.894872
1,16,5,16,0.908462
1,16,10,2,0.457179
1,16,10,4,0.649744
1,16,10,8,0.845641
1,16,10,10,0.857692
1,16,10,12,0.877949
1,16,10,16,0.894103
1,16,15,2,0.451795
1,16,15,4,0.673077
1,16,15,8,0.813846
1,16,15,10,0.858205
1,16,15,12,0.864359
1,16,15,16,0.878974
1,16,20,2,0.481538
1,16,20,4,0.684872
1,16,20,8,0.828462
1,16,20,10,0.843333
1,16,20,12,0.866667
1,16,20,16,0.875128
1,16,25,2,0.454359
1,16,25,4,0.647692
1,16,25,8,0.821538
1,16,25,10,0.842308
1,16,25,12,0.856667
1,16,25,16,0.86641
1,16,30,2,0.478718
1,16,30,4,0.685897
1,16,30,8,0.802564
1,16,30,10,0.827692
1,16,30,12,0.847436
1,16,30,16,0.863846
1,20,2,2,0.429487
1,20,2,4,0.705385
1,20,2,8,0.835897
1,20,2,10,0.866923
1,20,2,12,0.897692
1,20,2,16,0.903846
1,20,5,2,0.455128
1,20,5,4,0.616154
1,20,5,8,0.824359
1,20,5,10,0.857179
1,20,5,12,0.881795
1,20,5,16,0.898205
1,20,10,2,0.441282
1,20,10,4,0.678718
1,20,10,8,0.817949
1,20,10,10,0.858718
1,20,10,12,0.871282
1,20,10,16,0.898718
1,20,15,2,0.484615
1,20,15,4,0.686923
1,20,15,8,0.821282
1,20,15,10,0.85359
1,20,15,12,0.865385
1,20,15,16,0.885128
1,20,20,2,0.478205
1,20,20,4,0.645641
1,20,20,8,0.798462
1,20,20,10,0.840769
1,20,20,12,0.864359
1,20,20,16,0.866154
1,20,25,2,0.461026
1,20,25,4,0.679231
1,20,25,8,0.810513
1,20,25,10,0.839487
1,20,25,12,0.854872
1,20,25,16,0.882564
1,20,30,2,0.487179
1,20,30,4,0.66641
1,20,30,8,0.82641
1,20,30,10,0.829487
1,20,30,12,0.856154
1,20,30,16,0.862821
5,4,2,2,0.529744
5,4,2,4,0.68359
5,4,2,8,0.705897
5,4,2,10,0.715897
5,4,2,12,0.702564
5,4,2,16,0.640256
5,4,5,2,0.556923
5,4,5,4,0.661282
5,4,5,8,0.701026
5,4,5,10,0.705128
5,4,5,12,0.691026
5,4,5,16,0.637179
5,4,10,2,0.570256
5,4,10,4,0.667179
5,4,10,8,0.713333
5,4,10,10,0.708718
5,4,10,12,0.696154
5,4,10,16,0.647949
5,4,15,2,0.57
5,4,15,4,0.661795
5,4,15,8,0.721795
5,4,15,10,0.717436
5,4,15,12,0.701282
5,4,15,16,0.67359
5,4,20,2,0.545641
5,4,20,4,0.675128
5,4,20,8,0.690513
5,4,20,10,0.696923
5,4,20,12,0.710256
5,4,20,16,0.637179
5,4,25,2,0.57641
5,4,25,4,0.662564
5,4,25,8,0.716923
5,4,25,10,0.709744
5,4,25,12,0.704103
5,4,25,16,0.654103
5,4,30,2,0.534615
5,4,30,4,0.667179
5,4,30,8,0.715641
5,4,30,10,0.710769
5,4,30,12,0.701026
5,4,30,16,0.655385
5,8,2,2,0.615128
5,8,2,4,0.804103
5,8,2,8,0.883333
5,8,2,10,0.889744
5,8,2,12,0.897949
5,8,2,16,0.882821
5,8,5,2,0.58
5,8,5,4,0.769487
5,8,5,8,0.882821
5,8,5,10,0.897692
5,8,5,12,0.892564
5,8,5,16,0.891026
5,8,10,2,0.588462
5,8,10,4,0.801026
5,8,10,8,0.88
5,8,10,10,0.899231
5,8,10,12,0.898718
5,8,10,16,0.887436
5,8,15,2,0.592051
5,8,15,4,0.791538
5,8,15,8,0.881538
5,8,15,10,0.888462
5,8,15,12,0.882308
5,8,15,16,0.878718
5,8,20,2,0.628718
5,8,20,4,0.808205
5,8,20,8,0.881282
5,8,20,10,0.899487
5,8,20,12,0.892564
5,8,20,16,0.885385
5,8,25,2,0.588974
5,8,25,4,0.811026
5,8,25,8,0.876923
5,8,25,10,0.882821
5,8,25,12,0.889231
5,8,25,16,0.873846
5,8,30,2,0.598718
5,8,30,4,0.796154
5,8,30,8,0.868205
5,8,30,10,0.881026
5,8,30,12,0.884103
5,8,30,16,0.869744
5,12,2,2,0.554359
5,12,2,4,0.815128
5,12,2,8,0.930513
5,12,2,10,0.932821
5,12,2,12,0.939231
5,12,2,16,0.939231
5,12,5,2,0.612051
5,12,5,4,0.811538
5,12,5,8,0.927949
5,12,5,10,0.938462
5,12,5,12,0.941026
5,12,5,16,0.932051
5,12,10,2,0.618462
5,12,10,4,0.81359
5,12,10,8,0.921795
5,12,10,10,0.931026
5,12,10,12,0.934103
5,12,10,16,0.93359
5,12,15,2,0.620256
5,12,15,4,0.813077
5,12,15,8,0.913333
5,12,15,10,0.931282
5,12,15,12,0.928718
5,12,15,16,0.929744
5,12,20,2,0.610513
5,12,20,4,0.799487
5,12,20,8,0.910769
5,12,20,10,0.924359
5,12,20,12,0.93
5,12,20,16,0.924615
5,12,25,2,0.608718
5,12,25,4,0.81641
5,12,25,8,0.907436
5,12,25,10,0.91359
5,12,25,12,0.916923
5,12,25,16,0.918205
5,12,30,2,0.610256
5,12,30,4,0.825128
5,12,30,8,0.901282
5,12,30,10,0.908462
5,12,30,12,0.913333
5,12,30,16,0.906154
5,16,2,2,0.636154
5,16,2,4,0.821026
5,16,2,8,0.928718
5,16,2,10,0.943333
5,16,2,12,0.943333
5,16,2,16,0.94359
5,16,5,2,0.588974
5,16,5,4,0.822564
5,16,5,8,0.924359
5,16,5,10,0.936154
5,16,5,12,0.945128
5,16,5,16,0.947692
5,16,10,2,0.618974
5,16,10,4,0.824872
5,16,10,8,0.914359
5,16,10,10,0.934615
5,16,10,12,0.94
5,16,10,16,0.941538
5,16,15,2,0.587949
5,16,15,4,0.817436
5,16,15,8,0.920256
5,16,15,10,0.931026
5,16,15,12,0.934359
5,16,15,16,0.936667
5,16,20,2,0.61
5,16,20,4,0.821282
5,16,20,8,0.912564
5,16,20,10,0.924359
5,16,20,12,0.933333
5,16,20,16,0.928974
5,16,25,2,0.592308
5,16,25,4,0.799231
5,16,25,8,0.909231
5,16,25,10,0.915897
5,16,25,12,0.922821
5,16,25,16,0.933077
5,16,30,2,0.596923
5,16,30,4,0.822821
5,16,30,8,0.901026
5,16,30,10,0.91
5,16,30,12,0.920256
5,16,30,16,0.918205
5,20,2,2,0.617179
5,20,2,4,0.811538
5,20,2,8,0.925128
5,20,2,10,0.941026
5,20,2,12,0.950513
5,20,2,16,0.950513
5,20,5,2,0.605897
5,20,5,4,0.821795
5,20,5,8,0.935128
5,20,5,10,0.934359
5,20,5,12,0.945385
5,20,5,16,0.943077
5,20,10,2,0.627179
5,20,10,4,0.818205
5,20,10,8,0.924872
5,20,10,10,0.935897
5,20,10,12,0.938462
5,20,10,16,0.934872
5,20,15,2,0.572564
5,20,15,4,0.823077
5,20,15,8,0.904615
5,20,15,10,0.922821
5,20,15,12,0.930256
5,20,15,16,0.932564
5,20,20,2,0.561026
5,20,20,4,0.792051
5,20,20,8,0.908462
5,20,20,10,0.920769
5,20,20,12,0.926923
5,20,20,16,0.928974
5,20,25,2,0.582051
5,20,25,4,0.794103
5,20,25,8,0.912051
5,20,25,10,0.910513
5,20,25,12,0.918974
5,20,25,16,0.927692
5,20,30,2,0.621282
5,20,30,4,0.787436
5,20,30,8,0.904872
5,20,30,10,0.914359
5,20,30,12,0.921026
5,20,30,16,0.918462
10,4,2,2,0.647436
10,4,2,4,0.725897
10,4,2,8,0.749744
10,4,2,10,0.736923
10,4,2,12,0.70641
10,4,2,16,0.671026
10,4,5,2,0.645897
10,4,5,4,0.716923
10,4,5,8,0.735641
10,4,5,10,0.727949
10,4,5,12,0.71641
10,4,5,16,0.655897
10,4,10,2,0.618205
10,4,10,4,0.714872
10,4,10,8,0.728462
10,12,25,2,0.7
10,12,25,4,0.870513
10,12,25,8,0.941538
10,12,25,10,0.945641
10,12,25,12,0.948205
10,12,25,16,0.921538
10,12,30,2,0.69
10,12,30,4,0.873846
10,12,30,8,0.928718
10,12,30,10,0.931538
10,12,30,12,0.931282
10,12,30,16,0.928974
10,16,25,2,0.674103
10,16,25,4,0.862564
10,16,25,8,0.937436
10,16,25,10,0.941282
10,16,25,12,0.947179
10,16,25,16,0.932051
10,16,30,2,0.683333
10,16,30,4,0.865385
10,16,30,8,0.931795
10,16,30,10,0.938205
10,16,30,12,0.939231
10,16,30,16,0.93641
10,20,25,2,0.695641
10,20,25,4,0.867949
10,20,25,8,0.942564
10,20,25,10,0.944103
10,20,25,12,0.943333
10,20,25,16,0.936923
10,20,30,2,0.678974
10,20,30,4,0.867692
10,20,30,8,0.931282
10,20,30,10,0.937436
10,20,30,12,0.941026
10,20,30,16,0.931795
20,20,2,2,0.731538
20,20,2,4,0.928718
20,20,2,8,0.965641
20,20,2,10,0.966923
20,20,2,12,0.966923
20,20,2,16,0.957179
20,20,5,2,0.762308
20,20,5,4,0.920769
20,20,5,8,0.967436
20,20,5,10,0.969231
20,20,5,12,0.968974
20,20,5,16,0.958462
20,20,10,2,0.752821
20,20,10,4,0.916667
20,20,10,8,0.962051
20,20,10,10,0.967692
20,20,10,12,0.96359
20,20,10,16,0.959744
20,20,15,2,0.764872
20,20,15,4,0.914359
20,20,15,8,0.961538
20,20,15,10,0.964359
20,20,15,12,0.964103
20,20,15,16,0.959231
20,20,20,2,0.747949
20,20,20,4,0.914359
20,20,20,8,0.954872
20,20,20,10,0.960513
20,20,20,12,0.960256
20,20,20,16,0.952821
20,20,25,2,0.737436
20,20,25,4,0.913333
20,20,25,8,0.953077
20,20,25,10,0.957179
20,20,25,12,0.957692
20,20,25,16,0.943846
20,20,30,2,0.761795
20,20,30,4,0.904872
20,20,30,8,0.948462
20,20,30,10,0.957692
20,20,30,12,0.950769
20,20,30,16,0.943846
25,20,2,2,0.763333
25,20,2,4,0.934872
25,20,2,8,0.970769
25,20,2,10,0.973077
25,20,2,12,0.972821
25,20,2,16,0.960256
25,20,5,2,0.782821
25,20,5,4,0.923846
25,20,5,8,0.970256
25,20,5,10,0.970513
25,20,5,12,0.968974
25,20,5,16,0.963846
25,20,10,2,0.771026
25,20,10,4,0.924872
25,20,10,8,0.965897
25,20,10,10,0.968718
25,20,10,12,0.967179
25,20,10,16,0.957949
25,20,15,2,0.777692
25,20,15,4,0.930769
25,20,15,8,0.964615
25,20,15,10,0.963846
25,20,15,12,0.964615
25,20,15,16,0.957179
25,20,20,2,0.765897
25,20,20,4,0.92359
25,20,20,8,0.960769
25,20,20,10,0.962821
25,20,20,12,0.961026
25,20,20,16,0.954615
25,20,25,2,0.759744
25,20,25,4,0.912821
25,20,25,8,0.957179
25,20,25,10,0.960256
25,20,25,12,0.955128
25,20,25,16,0.945897
25,20,30,2,0.756923
25,20,30,4,0.915128
25,20,30,8,0.957692
25,20,30,10,0.957179
25,20,30,12,0.953333
25,20,30,16,0.940513
30,4,2,2,0.73641
30,4,2,4,0.772821
30,4,2,8,0.760513
30,4,2,10,0.751795
30,4,2,12,0.716667
30,4,2,16,0.661282
30,4,5,2,0.722308
30,4,5,4,0.771026
30,4,5,8,0.767179
30,4,5,10,0.745128
30,4,5,12,0.72
30,4,5,16,0.665128
30,4,10,2,0.725128
30,4,10,4,0.787436
30,4,10,8,0.779231
30,4,10,10,0.754872
30,4,10,12,0.72359
30,4,10,16,0.655897
30,4,15,2,0.736667
30,4,15,4,0.781026
30,4,15,8,0.76
30,4,15,10,0.758718
30,4,15,12,0.733077
30,4,15,16,0.664359
30,4,20,2,0.732821
30,4,20,4,0.772308
30,4,20,8,0.766154
30,4,20,10,0.742564
30,4,20,12,0.719744
30,4,20,16,0.660769
30,4,25,2,0.745128
30,4,25,4,0.783333
30,4,25,8,0.764359
30,4,25,10,0.749744
30,4,25,12,0.720256
30,4,25,16,0.659744
30,4,30,2,0.74641
30,4,30,4,0.759744
30,4,30,8,0.765128
30,4,30,10,0.747692
30,4,30,12,0.721282
30,4,30,16,0.652821
30,8,2,2,0.768718
30,8,2,4,0.908718
30,8,2,8,0.934615
30,8,2,10,0.94
30,8,2,12,0.934359
30,8,2,16,0.915385
30,8,5,2,0.781026
30,8,5,4,0.909744
30,8,5,8,0.936154
30,8,5,10,0.936154
30,8,5,12,0.931538
30,8,5,16,0.908718
30,8,10,2,0.780256
30,8,10,4,0.908462
30,8,10,8,0.934872
30,8,10,10,0.93641
30,8,10,12,0.932564
30,8,10,16,0.912051
30,8,15,2,0.776923
30,8,15,4,0.902564
30,8,15,8,0.94
30,8,15,10,0.937179
30,8,15,12,0.93359
30,8,15,16,0.904615
30,8,20,2,0.773333
30,8,20,4,0.903077
30,8,20,8,0.936667
30,8,20,10,0.939744
30,8,20,12,0.93
30,8,20,16,0.901538
30,8,25,2,0.789231
30,8,25,4,0.901538
30,8,25,8,0.937179
30,8,25,10,0.932308
30,8,25,12,0.926667
30,8,25,16,0.908205
30,8,30,2,0.772821
30,8,30,4,0.902821
30,8,30,8,0.927949
30,8,30,10,0.935385
30,8,30,12,0.927692
30,8,30,16,0.894103
25,4,2,2,0.732821
25,4,2,4,0.759744
25,4,2,8,0.761282
25,4,2,10,0.749744
25,4,2,12,0.73
25,4,2,16,0.661282
25,4,5,2,0.725128
25,4,5,4,0.771538
25,4,5,8,0.75
25,4,5,10,0.748974
25,4,5,12,0.722821
25,4,5,16,0.646667
25,4,10,2,0.715128
25,4,10,4,0.76359
25,4,10,8,0.759231
25,4,10,10,0.758718
25,4,10,12,0.721282
25,4,10,16,0.659744
25,4,15,2,0.725128
25,4,15,4,0.766923
25,4,15,8,0.758462
25,4,15,10,0.743333
25,4,15,12,0.715128
25,4,15,16,0.663846
25,4,20,2,0.725385
25,4,20,4,0.777692
25,4,20,8,0.767436
25,4,20,10,0.744872
25,4,20,12,0.717949
25,4,20,16,0.661026
25,4,25,2,0.722051
25,4,25,4,0.760256
25,4,25,8,0.766667
25,4,25,10,0.75359
25,4,25,12,0.726667
25,4,25,16,0.648462
25,4,30,2,0.715385
25,4,30,4,0.767692
25,4,30,8,0.765897
25,4,30,10,0.752308
25,4,30,12,0.734872
25,4,30,16,0.661026
25,8,2,2,0.756923
25,8,2,4,0.908718
25,8,2,8,0.937692
25,8,2,10,0.932564
25,8,2,12,0.934615
25,8,2,16,0.913077
25,8,5,2,0.777436
25,8,5,4,0.898718
25,8,5,8,0.935128
25,8,5,10,0.939744
25,8,5,12,0.929744
25,8,5,16,0.905385
25,8,10,2,0.771795
25,8,10,4,0.9
25,8,10,8,0.932821
25,8,10,10,0.937692
25,8,10,12,0.93359
25,8,10,16,0.910513
25,8,15,2,0.76359
25,8,15,4,0.897949
25,8,15,8,0.94
25,8,15,10,0.936667
25,8,15,12,0.930513
25,8,15,16,0.901538
25,8,20,2,0.759487
25,8,20,4,0.899231
25,8,20,8,0.932308
25,8,20,10,0.933846
25,8,20,12,0.926154
25,8,20,16,0.904103
25,8,25,2,0.767436
25,8,25,4,0.896923
25,8,25,8,0.929487
25,8,25,10,0.928205
25,8,25,12,0.924615
25,8,25,16,0.898462
25,8,30,2,0.771538
25,8,30,4,0.89
25,8,30,8,0.931795
25,8,30,10,0.926923
25,8,30,12,0.928462
25,8,30,16,0.908718
15,4,2,2,0.680769
15,4,2,4,0.734103
15,4,2,8,0.750513
15,4,2,10,0.747436
15,4,2,12,0.737436
15,4,2,16,0.66359
15,4,5,2,0.678974
15,4,5,4,0.745641
15,4,5,8,0.753846
15,4,5,10,0.737179
15,4,5,12,0.731026
15,4,5,16,0.66
15,4,10,2,0.672308
15,4,10,4,0.757949
15,4,10,8,0.754359
15,4,10,10,0.738205
15,4,10,12,0.722564
15,4,10,16,0.654103
15,4,15,2,0.672564
15,4,15,4,0.751538
15,4,15,8,0.756923
15,4,15,10,0.749487
15,4,15,12,0.704872
15,4,15,16,0.645897
15,4,20,2,0.675385
15,4,20,4,0.755897
15,4,20,8,0.755385
15,4,20,10,0.73641
15,4,20,12,0.725385
15,4,20,16,0.660769
15,4,25,2,0.680513
15,4,25,4,0.748462
15,4,25,8,0.741538
15,4,25,10,0.752051
15,4,25,12,0.722564
15,4,25,16,0.669487
15,4,30,2,0.706923
15,4,30,4,0.750256
15,4,30,8,0.75359
15,4,30,10,0.738462
15,4,30,12,0.72359
15,4,30,16,0.663077
15,8,2,2,0.731538
15,8,2,4,0.889744
15,8,2,8,0.934615
15,8,2,10,0.929744
15,8,2,12,0.93
15,8,2,16,0.90359
15,8,5,2,0.731026
15,8,5,4,0.874872
15,8,5,8,0.927692
15,8,5,10,0.929744
15,8,5,12,0.924872
15,8,5,16,0.904615
15,8,10,2,0.720513
15,8,10,4,0.891026
15,8,10,8,0.924103
15,8,10,10,0.926923
15,8,10,12,0.922564
15,8,10,16,0.901795
15,8,15,2,0.731795
15,8,15,4,0.874103
15,8,15,8,0.927179
15,8,15,10,0.926923
15,8,15,12,0.925641
15,8,15,16,0.898462
15,8,20,2,0.739744
15,8,20,4,0.883077
15,8,20,8,0.927949
15,8,20,10,0.930256
15,8,20,12,0.924103
15,8,20,16,0.900513
15,8,25,2,0.731795
15,8,25,4,0.871795
15,8,25,8,0.923846
15,8,25,10,0.923333
15,8,25,12,0.92
15,8,25,16,0.897692
15,8,30,2,0.715897
15,8,30,4,0.873846
15,8,30,8,0.924872
15,8,30,10,0.918974
15,8,30,12,0.917692
15,8,30,16,0.89
15,12,2,2,0.737949
15,12,2,4,0.904872
15,12,2,8,0.958718
15,12,2,10,0.963077
15,12,2,12,0.964615
15,12,2,16,0.951026
15,12,5,2,0.736154
15,12,5,4,0.908462
15,12,5,8,0.960769
15,12,5,10,0.964103
15,12,5,12,0.96359
15,12,5,16,0.95359
15,12,10,2,0.736923
15,12,10,4,0.905128
15,12,10,8,0.95641
15,12,10,10,0.956667
15,12,10,12,0.964359
15,12,10,16,0.952051
15,12,15,2,0.728718
15,12,15,4,0.899231
15,12,15,8,0.963077
15,12,15,10,0.961026
15,12,15,12,0.956923
15,12,15,16,0.946667
15,12,20,2,0.735897
15,12,20,4,0.9
15,12,20,8,0.950769
15,12,20,10,0.956667
15,12,20,12,0.952564
15,12,20,16,0.937692
15,12,25,2,0.72641
15,12,25,4,0.893333
15,12,25,8,0.951538
15,12,25,10,0.947949
15,12,25,12,0.948974
15,12,25,16,0.94
15,12,30,2,0.738974
15,12,30,4,0.900256
15,12,30,8,0.938974
15,12,30,10,0.946667
15,12,30,12,0.952308
15,12,30,16,0.934359
15,16,2,2,0.736154
15,16,2,4,0.904615
15,16,2,8,0.964615
15,16,2,10,0.96641
15,16,2,12,0.972051
15,16,2,16,0.957692
15,16,5,2,0.719744
15,16,5,4,0.914615
15,16,5,8,0.963846
15,16,5,10,0.965641
15,16,5,12,0.963077
15,16,5,16,0.955897
15,16,10,2,0.716667
15,16,10,4,0.905128
15,16,10,8,0.960256
15,16,10,10,0.962564
15,16,10,12,0.961026
15,16,10,16,0.956923
15,16,15,2,0.73
15,16,15,4,0.908462
15,16,15,8,0.961282
15,16,15,10,0.961795
15,16,15,12,0.961026
15,16,15,16,0.952821
15,16,20,2,0.721538
15,16,20,4,0.898718
15,16,20,8,0.954103
15,16,20,10,0.958974
15,16,20,12,0.956154
15,16,20,16,0.944872
15,16,25,2,0.711795
15,16,25,4,0.884615
15,16,25,8,0.95
15,16,25,10,0.950769
15,16,25,12,0.955897
15,16,25,16,0.946667
15,16,30,2,0.718718
15,16,30,4,0.888718
15,16,30,8,0.947692
15,16,30,10,0.94641
15,16,30,12,0.952564
15,16,30,16,0.935128
15,20,2,2,0.727949
15,20,2,4,0.902564
15,20,2,8,0.962308
15,20,2,10,0.967436
15,20,2,12,0.968718
15,20,2,16,0.959487
15,20,5,2,0.724103
15,20,5,4,0.910256
15,20,5,8,0.966154
15,20,5,10,0.967436
15,20,5,12,0.967949
15,20,5,16,0.961026
15,20,10,2,0.743333
15,20,10,4,0.902308
15,20,10,8,0.958974
15,20,10,10,0.961538
15,20,10,12,0.968974
15,20,10,16,0.957692
15,20,15,2,0.724615
15,20,15,4,0.908462
15,20,15,8,0.954615
15,20,15,10,0.960256
15,20,15,12,0.963333
15,20,15,16,0.954103
15,20,20,2,0.727692
15,20,20,4,0.898205
15,20,20,8,0.949744
15,20,20,10,0.957692
15,20,20,12,0.956923
15,20,20,16,0.947692
15,20,25,2,0.732051
15,20,25,4,0.897436
15,20,25,8,0.94641
15,20,25,10,0.951795
15,20,25,12,0.951282
15,20,25,16,0.940769
15,20,30,2,0.741795
15,20,30,4,0.896667
15,20,30,8,0.947692
15,20,30,10,0.950769
15,20,30,12,0.948974
15,20,30,16,0.939744
20,8,2,2,0.764359
20,8,2,4,0.894359
20,8,2,8,0.936923
20,8,2,10,0.927692
20,8,2,12,0.924615
20,8,2,16,0.911026
20,8,5,2,0.745641
20,8,5,4,0.891538
20,8,5,8,0.933077
20,8,5,10,0.932051
20,8,5,12,0.925897
20,8,5,16,0.9
20,8,10,2,0.749231
20,8,10,4,0.9
20,8,10,8,0.927179
20,8,10,10,0.93641
20,8,10,12,0.925385
20,8,10,16,0.904103
20,8,15,2,0.740256
20,8,15,4,0.894615
20,8,15,8,0.935897
20,8,15,10,0.929231
20,8,15,12,0.924872
20,8,15,16,0.903333
20,8,20,2,0.730513
20,8,20,4,0.891795
20,8,20,8,0.93
20,8,20,10,0.933846
20,8,20,12,0.92
20,8,20,16,0.897436
20,8,25,2,0.739487
20,8,25,4,0.886923
20,8,25,8,0.929487
20,8,25,10,0.93359
20,8,25,12,0.922821
20,8,25,16,0.901282
20,8,30,2,0.747949
20,8,30,4,0.887179
20,8,30,8,0.930513
20,8,30,10,0.923333
20,8,30,12,0.920513
20,8,30,16,0.885385
20,12,2,2,0.744615
20,12,2,4,0.92641
20,12,2,8,0.963846
20,12,2,10,0.967949
20,12,2,12,0.968205
20,12,2,16,0.951282
20,12,5,2,0.760513
20,12,5,4,0.921795
20,12,5,8,0.964359
20,12,5,10,0.967692
20,12,5,12,0.965897
20,12,5,16,0.957436
20,12,10,2,0.741282
20,12,10,4,0.92
20,12,10,8,0.963333
20,12,10,10,0.96641
20,12,10,12,0.963077
20,12,10,16,0.952564
20,12,15,2,0.756667
20,12,15,4,0.904103
20,12,15,8,0.957179
20,12,15,10,0.961538
20,12,15,12,0.96359
20,12,15,16,0.947692
20,12,20,2,0.747692
20,12,20,4,0.910513
20,12,20,8,0.957179
20,12,20,10,0.957692
20,12,20,12,0.960513
20,12,20,16,0.941026
20,12,25,2,0.741282
20,12,25,4,0.907179
20,12,25,8,0.949487
20,12,25,10,0.958205
20,12,25,12,0.954359
20,12,25,16,0.940256
20,12,30,2,0.76
20,12,30,4,0.904103
20,12,30,8,0.95359
20,12,30,10,0.946667
20,12,30,12,0.948718
20,12,30,16,0.936923
20,16,2,2,0.746923
20,16,2,4,0.920256
20,16,2,8,0.966667
20,16,2,10,0.971795
20,16,2,12,0.969744
20,16,2,16,0.962821
20,16,5,2,0.752051
20,16,5,4,0.921026
20,16,5,8,0.965641
20,16,5,10,0.973077
20,16,5,12,0.966923
20,16,5,16,0.960769
20,16,10,2,0.765897
20,16,10,4,0.92
20,16,10,8,0.966154
20,16,10,10,0.963333
20,16,10,12,0.967179
20,16,10,16,0.957949
20,16,15,2,0.742051
20,16,15,4,0.917436
20,16,15,8,0.963333
20,16,15,10,0.968205
20,16,15,12,0.964872
20,16,15,16,0.953077
20,16,20,2,0.755897
20,16,20,4,0.912051
20,16,20,8,0.955385
20,16,20,10,0.961026
20,16,20,12,0.958205
20,16,20,16,0.946923
20,16,25,2,0.769744
20,16,25,4,0.909487
20,16,25,8,0.95359
20,16,25,10,0.96
20,16,25,12,0.954359
20,16,25,16,0.947692
20,16,30,2,0.757179
20,16,30,4,0.911282
20,16,30,8,0.955897
20,16,30,10,0.95359
20,16,30,12,0.951026
20,16,30,16,0.944359
20,4,2,2,0.693846
20,4,2,4,0.742821
20,4,2,8,0.749487
20,4,2,10,0.741795
20,4,2,12,0.711538
20,4,2,16,0.650513
20,4,5,2,0.705128
20,4,5,4,0.768974
20,4,5,8,0.755897
20,4,5,10,0.749744
20,4,5,12,0.721795
20,4,5,16,0.667692
20,4,10,2,0.712051
20,4,10,4,0.75359
20,4,10,8,0.763333
20,4,10,10,0.754103
20,4,10,12,0.71359
20,4,10,16,0.667179
20,4,15,2,0.717949
20,4,15,4,0.770769
20,4,15,8,0.763846
20,4,15,10,0.748205
20,4,15,12,0.715641
20,4,15,16,0.667436
20,4,20,2,0.703333
20,4,20,4,0.758205
20,4,20,8,0.754615
20,4,20,10,0.741026
20,4,20,12,0.712821
20,4,20,16,0.658974
20,4,25,2,0.683333
20,4,25,4,0.765897
20,4,25,8,0.765128
20,4,25,10,0.757436
20,4,25,12,0.726923
20,4,25,16,0.661538
20,4,30,2,0.701026
20,4,30,4,0.75359
20,4,30,8,0.759231
20,4,30,10,0.744615
20,4,30,12,0.727949
20,4,30,16,0.657949
25,12,2,2,0.766667
25,12,2,4,0.926923
25,12,2,8,0.96641
25,12,2,10,0.965897
25,12,2,12,0.967692
25,12,2,16,0.953846
25,12,5,2,0.777179
25,12,5,4,0.929231
25,12,5,8,0.967179
25,12,5,10,0.972821
25,12,5,12,0.96641
25,12,5,16,0.952564
25,12,10,2,0.775641
25,12,10,4,0.922051
25,12,10,8,0.962564
25,12,10,10,0.968205
25,12,10,12,0.968205
25,12,10,16,0.956667
25,12,15,2,0.772821
25,12,15,4,0.921026
25,12,15,8,0.962564
25,12,15,10,0.965128
25,12,15,12,0.961026
25,12,15,16,0.952564
25,12,20,2,0.771282
25,12,20,4,0.92359
25,12,20,8,0.961282
25,12,20,10,0.960256
25,12,20,12,0.963077
25,12,20,16,0.945128
25,12,25,2,0.761538
25,12,25,4,0.919231
25,12,25,8,0.95641
25,12,25,10,0.959231
25,12,25,12,0.958718
25,12,25,16,0.93641
25,12,30,2,0.760769
25,12,30,4,0.917179
25,12,30,8,0.952308
25,12,30,10,0.959487
25,12,30,12,0.953846
25,12,30,16,0.937436
25,16,2,2,0.761026
25,16,2,4,0.928718
25,16,2,8,0.971026
25,16,2,10,0.971282
25,16,2,12,0.971795
25,16,2,16,0.961026
25,16,5,2,0.766923
25,16,5,4,0.932308
25,16,5,8,0.969487
25,16,5,10,0.97
25,16,5,12,0.967949
25,16,5,16,0.961538
25,16,10,2,0.777949
25,16,10,4,0.919487
25,16,10,8,0.966154
25,16,10,10,0.967949
25,16,10,12,0.968205
25,16,10,16,0.961282
25,16,15,2,0.785385
25,16,15,4,0.92641
25,16,15,8,0.963846
25,16,15,10,0.97
25,16,15,12,0.964359
25,16,15,16,0.953846
25,16,20,2,0.76641
25,16,20,4,0.923846
25,16,20,8,0.96
25,16,20,10,0.962051
25,16,20,12,0.960256
25,16,20,16,0.951026
25,16,25,2,0.765128
25,16,25,4,0.923077
25,16,25,8,0.956667
25,16,25,10,0.958205
25,16,25,12,0.961795
25,16,25,16,0.946154
25,16,30,2,0.766667
25,16,30,4,0.912564
25,16,30,8,0.956923
25,16,30,10,0.956923
25,16,30,12,0.955385
25,16,30,16,0.944103
30,20,2,2,0.774359
30,20,2,4,0.938974
30,20,2,8,0.976154
30,20,2,10,0.972564
30,20,2,12,0.971282
30,20,2,16,0.963846
30,20,5,2,0.785128
30,20,5,4,0.932821
30,20,5,8,0.968974
30,20,5,10,0.970513
30,20,5,12,0.971026
30,20,5,16,0.961795
30,20,10,2,0.783077
30,20,10,4,0.938205
30,20,10,8,0.967436
30,20,10,10,0.97
30,20,10,12,0.96641
30,20,10,16,0.962821
30,20,15,2,0.784359
30,20,15,4,0.926923
30,20,15,8,0.969231
30,20,15,10,0.97
30,20,15,12,0.965641
30,20,15,16,0.961026
30,20,20,2,0.779231
30,20,20,4,0.922821
30,20,20,8,0.964872
30,20,20,10,0.967949
30,20,20,12,0.964615
30,20,20,16,0.953333
30,20,25,2,0.771282
30,20,25,4,0.918974
30,20,25,8,0.964615
30,20,25,10,0.963333
30,20,25,12,0.956154
30,20,25,16,0.948205
30,20,30,2,0.782308
30,20,30,4,0.919744
30,20,30,8,0.954872
30,20,30,10,0.961795
30,20,30,12,0.955385
30,20,30,16,0.943333
30,12,2,2,0.777436
30,12,2,4,0.927436
30,12,2,8,0.97
30,12,2,10,0.97
30,12,2,12,0.968462
30,12,2,16,0.959744
30,12,5,2,0.782308
30,12,5,4,0.932308
30,12,5,8,0.967692
30,12,5,10,0.972564
30,12,5,12,0.967692
30,12,5,16,0.958974
30,12,10,2,0.784615
30,12,10,4,0.928718
30,12,10,8,0.965128
30,12,10,10,0.969231
30,12,10,12,0.965128
30,12,10,16,0.955897
30,12,15,2,0.794872
30,12,15,4,0.936154
30,12,15,8,0.961282
30,12,15,10,0.965897
30,12,15,12,0.964359
30,12,15,16,0.957436
30,12,20,2,0.793077
30,12,20,4,0.928718
30,12,20,8,0.962051
30,12,20,10,0.965128
30,12,20,12,0.957949
30,12,20,16,0.944359
30,12,25,2,0.787692
30,12,25,4,0.924615
30,12,25,8,0.960256
30,12,25,10,0.960769
30,12,25,12,0.957436
30,12,25,16,0.941538
30,12,30,2,0.782821
30,12,30,4,0.920769
30,12,30,8,0.951282
30,12,30,10,0.957949
30,12,30,12,0.956154
30,12,30,16,0.938974
30,16,2,2,0.789231
30,16,2,4,0.932308
30,16,2,8,0.971538
30,16,2,10,0.974103
30,16,2,12,0.972308
30,16,2,16,0.964103
30,16,5,2,0.772564
30,16,5,4,0.933077
30,16,5,8,0.967692
30,16,5,10,0.971795
30,16,5,12,0.97
30,16,5,16,0.966154
30,16,10,2,0.786923
30,16,10,4,0.930256
30,16,10,8,0.968205
30,16,10,10,0.97
30,16,10,12,0.969231
30,16,10,16,0.963077
30,16,15,2,0.78359
30,16,15,4,0.934872
30,16,15,8,0.965897
30,16,15,10,0.968974
30,16,15,12,0.96641
30,16,15,16,0.953333
30,16,20,2,0.779487
30,16,20,4,0.925385
30,16,20,8,0.962821
30,16,20,10,0.960513
30,16,20,12,0.965385
30,16,20,16,0.955128
30,16,25,2,0.759487
30,16,25,4,0.923846
30,16,25,8,0.958205
30,16,25,10,0.961282
30,16,25,12,0.960256
30,16,25,16,0.950256
30,16,30,2,0.782051
30,16,30,4,0.922564
30,16,30,8,0.954103
30,16,30,10,0.960513
30,16,30,12,0.956923
30,16,30,16,0.94359
