n_estimators,tree_depth,min_samples_split,max_features,Accuracy
10,4,2,2,0.650513
10,4,2,4,0.711538
10,4,2,8,0.752564
10,4,2,10,0.73641
10,4,2,12,0.737949
10,4,2,16,0.667949
10,4,5,2,0.648462
10,4,5,4,0.730513
10,4,5,8,0.743846
10,4,5,10,0.743846
10,4,5,12,0.719487
10,4,5,16,0.677949
10,4,10,2,0.613333
10,4,10,4,0.706667
10,4,10,8,0.738718
10,4,10,10,0.746154
10,4,10,12,0.712564
10,4,10,16,0.663846
10,4,15,2,0.592308
10,4,15,4,0.721282
10,4,15,8,0.746667
10,4,15,10,0.741282
10,4,15,12,0.717949
10,4,15,16,0.675128
10,4,20,2,0.637692
10,4,20,4,0.712564
10,4,20,8,0.748718
10,4,20,10,0.732564
10,4,20,12,0.722821
10,4,20,16,0.675128
10,4,25,2,0.643333
10,4,25,4,0.734103
10,4,25,8,0.737692
10,4,25,10,0.74359
10,4,25,12,0.714103
10,4,25,16,0.678718
10,4,30,2,0.619487
10,4,30,4,0.705897
10,4,30,8,0.755385
10,4,30,10,0.748462
10,4,30,12,0.716923
10,4,30,16,0.67641
10,8,2,2,0.67
10,8,2,4,0.814615
10,8,2,8,0.863333
10,8,2,10,0.854872
10,8,2,12,0.869231
10,8,2,16,0.863077
10,8,5,2,0.666667
10,8,5,4,0.811282
10,8,5,8,0.865128
10,8,5,10,0.866667
10,8,5,12,0.872821
10,8,5,16,0.862821
10,8,10,2,0.675128
10,8,10,4,0.82
10,8,10,8,0.861795
10,8,10,10,0.868462
10,8,10,12,0.873077
10,8,10,16,0.864615
10,8,15,2,0.66641
10,8,15,4,0.809231
10,8,15,8,0.864103
10,8,15,10,0.861795
10,8,15,12,0.865128
10,8,15,16,0.852821
10,8,20,2,0.698718
10,8,20,4,0.817179
10,8,20,8,0.86
10,8,20,10,0.864359
10,8,20,12,0.864615
10,8,20,16,0.861282
10,8,25,2,0.655897
10,8,25,4,0.822821
10,8,25,8,0.864872
10,8,25,10,0.872821
10,8,25,12,0.874359
10,8,25,16,0.86
10,8,30,2,0.68359
10,8,30,4,0.817949
10,8,30,8,0.861538
10,8,30,10,0.861795
10,8,30,12,0.861538
10,8,30,16,0.854103
1,4,2,2,0.482051
1,4,2,4,0.527692
1,4,2,8,0.629487
1,4,2,10,0.660513
1,4,2,12,0.649744
1,4,2,16,0.668718
1,4,5,2,0.448462
1,4,5,4,0.563333
1,4,5,8,0.60641
1,4,5,10,0.631795
1,4,5,12,0.660513
1,4,5,16,0.664359
1,4,10,2,0.418718
1,4,10,4,0.539231
1,4,10,8,0.612051
1,4,10,10,0.647179
1,4,10,12,0.671538
1,4,10,16,0.660256
1,4,15,2,0.413846
1,4,15,4,0.567436
1,4,15,8,0.622564
1,4,15,10,0.633077
1,4,15,12,0.664359
1,4,15,16,0.679744
1,4,20,2,0.414872
1,4,20,4,0.540769
1,4,20,8,0.645641
1,4,20,10,0.63359
1,4,20,12,0.644615
1,4,20,16,0.665897
1,4,25,2,0.432821
1,4,25,4,0.575641
1,4,25,8,0.605385
1,4,25,10,0.632308
1,4,25,12,0.640513
1,4,25,16,0.659231
1,4,30,2,0.441026
1,4,30,4,0.519487
1,4,30,8,0.616667
1,4,30,10,0.647692
1,4,30,12,0.644359
1,4,30,16,0.671795
1,8,2,2,0.472308
1,8,2,4,0.631538
1,8,2,8,0.755128
1,8,2,10,0.768974
1,8,2,12,0.797949
1,8,2,16,0.819744
1,8,5,2,0.455897
1,8,5,4,0.640256
1,8,5,8,0.761538
1,8,5,10,0.774359
1,8,5,12,0.791026
1,8,5,16,0.817436
1,8,10,2,0.429744
1,8,10,4,0.624103
1,8,10,8,0.772821
1,8,10,10,0.78359
1,8,10,12,0.811026
1,8,10,16,0.814359
1,8,15,2,0.40359
1,8,15,4,0.568974
1,8,15,8,0.741282
1,8,15,10,0.751282
1,8,15,12,0.786667
1,8,15,16,0.814615
1,8,20,2,0.469744
1,8,20,4,0.636667
1,8,20,8,0.770769
1,8,20,10,0.789487
1,8,20,12,0.788718
1,8,20,16,0.814872
1,8,25,2,0.428462
1,8,25,4,0.627179
1,8,25,8,0.753077
1,8,25,10,0.781538
1,8,25,12,0.793077
1,8,25,16,0.808205
1,8,30,2,0.45641
1,8,30,4,0.644615
1,8,30,8,0.757179
1,8,30,10,0.777949
1,8,30,12,0.78641
1,8,30,16,0.810513
1,12,2,2,0.486154
1,12,2,4,0.641795
1,12,2,8,0.784872
1,12,2,10,0.814103
1,12,2,12,0.823333
1,12,2,16,0.850513
1,12,5,2,0.433077
1,12,5,4,0.682051
1,12,5,8,0.783077
1,12,5,10,0.801538
1,12,5,12,0.828974
1,12,5,16,0.841026
1,12,10,2,0.491538
1,12,10,4,0.650256
1,12,10,8,0.793333
1,12,10,10,0.797436
1,12,10,12,0.819487
1,12,10,16,0.833077
1,12,15,2,0.389744
1,12,15,4,0.619231
1,12,15,8,0.754872
1,12,15,10,0.790769
1,12,15,12,0.809231
1,12,15,16,0.839487
1,12,20,2,0.475128
1,12,20,4,0.643077
1,12,20,8,0.763077
1,12,20,10,0.79
1,12,20,12,0.810513
1,12,20,16,0.826154
1,12,25,2,0.479744
1,12,25,4,0.583333
1,12,25,8,0.754359
1,12,25,10,0.798205
1,12,25,12,0.812308
1,12,25,16,0.831538
1,12,30,2,0.512051
1,12,30,4,0.604103
1,12,30,8,0.761282
1,12,30,10,0.77359
1,12,30,12,0.801538
1,12,30,16,0.822564
1,16,2,2,0.424359
1,16,2,4,0.655128
1,16,2,8,0.780256
1,16,2,10,0.81
1,16,2,12,0.835897
1,16,2,16,0.838205
1,16,5,2,0.455641
1,16,5,4,0.655897
1,16,5,8,0.762821
1,16,5,10,0.803077
1,16,5,12,0.822051
1,16,5,16,0.842564
1,16,10,2,0.390513
1,16,10,4,0.656667
1,16,10,8,0.772564
1,16,10,10,0.811026
1,16,10,12,0.804359
1,16,10,16,0.842308
1,16,15,2,0.427949
1,16,15,4,0.610513
1,16,15,8,0.77359
1,16,15,10,0.801795
1,16,15,12,0.812308
1,16,15,16,0.834359
1,16,20,2,0.518205
1,16,20,4,0.623077
1,16,20,8,0.759231
1,16,20,10,0.793333
1,16,20,12,0.809231
1,16,20,16,0.832564
1,16,25,2,0.443077
1,16,25,4,0.641026
1,16,25,8,0.764359
1,16,25,10,0.774103
1,16,25,12,0.818718
1,16,25,16,0.827179
1,16,30,2,0.405641
1,16,30,4,0.648462
1,16,30,8,0.761282
1,16,30,10,0.783077
1,16,30,12,0.798462
1,16,30,16,0.832051
1,20,2,2,0.426667
1,20,2,4,0.601026
1,20,2,8,0.766667
1,20,2,10,0.797692
1,20,2,12,0.82
1,20,2,16,0.841538
1,20,5,2,0.477436
1,20,5,4,0.602821
1,20,5,8,0.778462
1,20,5,10,0.79359
1,20,5,12,0.830769
1,20,5,16,0.84
1,20,10,2,0.495385
1,20,10,4,0.609744
1,20,10,8,0.778718
1,20,10,10,0.804872
1,20,10,12,0.807179
1,20,10,16,0.842821
1,20,15,2,0.449231
1,20,15,4,0.644872
1,20,15,8,0.765385
1,20,15,10,0.791282
1,20,15,12,0.805128
1,20,15,16,0.83359
1,20,20,2,0.448205
1,20,20,4,0.666667
1,20,20,8,0.759487
1,20,20,10,0.803846
1,20,20,12,0.815897
1,20,20,16,0.829744
1,20,25,2,0.440256
1,20,25,4,0.588974
1,20,25,8,0.762564
1,20,25,10,0.800256
1,20,25,12,0.818205
1,20,25,16,0.824103
1,20,30,2,0.448718
1,20,30,4,0.634872
1,20,30,8,0.760513
1,20,30,10,0.787436
1,20,30,12,0.800769
1,20,30,16,0.828974
5,4,2,2,0.566154
5,4,2,4,0.669744
5,4,2,8,0.735385
5,4,2,10,0.713846
5,4,2,12,0.714872
5,4,2,16,0.667436
5,4,5,2,0.546923
5,4,5,4,0.677692
5,4,5,8,0.714872
5,4,5,10,0.725641
5,4,5,12,0.712821
5,4,5,16,0.677436
5,4,10,2,0.524872
5,4,10,4,0.671282
5,4,10,8,0.708974
5,4,10,10,0.711026
5,4,10,12,0.699487
5,4,10,16,0.678718
5,4,15,2,0.546923
5,4,15,4,0.681282
5,4,15,8,0.711795
5,4,15,10,0.727179
5,4,15,12,0.708718
5,4,15,16,0.666923
5,4,20,2,0.556923
5,4,20,4,0.666667
5,4,20,8,0.713846
5,4,20,10,0.723846
5,4,20,12,0.717949
5,4,20,16,0.677436
5,4,25,2,0.598205
5,4,25,4,0.684615
5,4,25,8,0.719487
5,4,25,10,0.725128
5,4,25,12,0.712821
5,4,25,16,0.66641
5,4,30,2,0.568462
5,4,30,4,0.661795
5,4,30,8,0.725641
5,4,30,10,0.716154
5,4,30,12,0.714359
5,4,30,16,0.672308
5,8,2,2,0.579231
5,8,2,4,0.778718
5,8,2,8,0.839744
5,8,2,10,0.849744
5,8,2,12,0.853077
5,8,2,16,0.841282
5,8,5,2,0.594615
5,8,5,4,0.757436
5,8,5,8,0.827179
5,8,5,10,0.847949
5,8,5,12,0.851026
5,8,5,16,0.844103
5,8,10,2,0.587949
5,8,10,4,0.76
5,8,10,8,0.844103
5,8,10,10,0.849231
5,8,10,12,0.849744
5,8,10,16,0.851795
5,8,15,2,0.599487
5,8,15,4,0.75359
5,8,15,8,0.827949
5,8,15,10,0.842051
5,8,15,12,0.862564
5,8,15,16,0.857436
5,8,20,2,0.610256
5,8,20,4,0.760513
5,8,20,8,0.831795
5,8,20,10,0.842821
5,8,20,12,0.842564
5,8,20,16,0.860513
5,8,25,2,0.610256
5,8,25,4,0.760769
5,8,25,8,0.837436
5,8,25,10,0.845641
5,8,25,12,0.852821
5,8,25,16,0.842308
5,8,30,2,0.569744
5,8,30,4,0.738974
5,8,30,8,0.833333
5,8,30,10,0.848974
5,8,30,12,0.853333
5,8,30,16,0.842821
5,12,2,2,0.595897
5,12,2,4,0.77
5,12,2,8,0.864872
5,12,2,10,0.871026
5,12,2,12,0.876154
5,12,2,16,0.872051
5,12,5,2,0.58641
5,12,5,4,0.765128
5,12,5,8,0.854615
5,12,5,10,0.866154
5,12,5,12,0.872308
5,12,5,16,0.88
5,12,10,2,0.610769
5,12,10,4,0.764615
5,12,10,8,0.855385
5,12,10,10,0.874872
5,12,10,12,0.875641
5,12,10,16,0.870769
5,12,15,2,0.587692
5,12,15,4,0.772821
5,12,15,8,0.858462
5,12,15,10,0.868974
5,12,15,12,0.871282
5,12,15,16,0.87
5,12,20,2,0.614615
5,12,20,4,0.783846
5,12,20,8,0.855641
5,12,20,10,0.861026
5,12,20,12,0.872051
5,12,20,16,0.871795
5,12,25,2,0.605641
5,12,25,4,0.785128
5,12,25,8,0.84359
5,12,25,10,0.862051
5,12,25,12,0.859487
5,12,25,16,0.866923
5,12,30,2,0.572821
5,12,30,4,0.756923
5,12,30,8,0.851282
5,12,30,10,0.855641
5,12,30,12,0.871026
5,12,30,16,0.862821
5,16,2,2,0.584359
5,16,2,4,0.778974
5,16,2,8,0.863846
5,16,2,10,0.874103
5,16,2,12,0.881795
5,16,2,16,0.882051
5,16,5,2,0.56
5,16,5,4,0.780513
5,16,5,8,0.858205
5,16,5,10,0.867949
5,16,5,12,0.88359
5,16,5,16,0.878205
5,16,10,2,0.601282
5,16,10,4,0.761282
5,16,10,8,0.858974
5,16,10,10,0.872564
5,16,10,12,0.870769
5,16,10,16,0.874872
5,16,15,2,0.593846
5,16,15,4,0.763077
5,16,15,8,0.853077
5,16,15,10,0.861538
5,16,15,12,0.866154
5,16,15,16,0.870769
5,16,20,2,0.569744
5,16,20,4,0.775641
5,16,20,8,0.857436
5,16,20,10,0.864359
5,16,20,12,0.868974
5,16,20,16,0.870256
5,16,25,2,0.588718
5,16,25,4,0.778974
5,16,25,8,0.844872
5,16,25,10,0.865385
5,16,25,12,0.865128
5,16,25,16,0.867949
5,16,30,2,0.613077
5,16,30,4,0.768205
5,16,30,8,0.845897
5,16,30,10,0.86359
5,16,30,12,0.858974
5,16,30,16,0.86359
5,20,2,2,0.565641
5,20,2,4,0.772821
5,20,2,8,0.868462
5,20,2,10,0.876154
5,20,2,12,0.881282
5,20,2,16,0.880256
5,20,5,2,0.573333
5,20,5,4,0.750769
5,20,5,8,0.865385
5,20,5,10,0.861795
5,20,5,12,0.878205
5,20,5,16,0.878974
5,20,10,2,0.593846
5,20,10,4,0.768462
5,20,10,8,0.852821
5,20,10,10,0.867949
5,20,10,12,0.87641
5,20,10,16,0.873846
5,20,15,2,0.613077
5,20,15,4,0.79
5,20,15,8,0.857692
5,20,15,10,0.860769
5,20,15,12,0.869487
5,20,15,16,0.876667
5,20,20,2,0.612821
5,20,20,4,0.778718
5,20,20,8,0.852308
5,20,20,10,0.866923
5,20,20,12,0.867179
5,20,20,16,0.86641
5,20,25,2,0.583333
5,20,25,4,0.784359
5,20,25,8,0.846923
5,20,25,10,0.86359
5,20,25,12,0.864359
5,20,25,16,0.87359
5,20,30,2,0.568462
5,20,30,4,0.751538
5,20,30,8,0.842821
5,20,30,10,0.85359
5,20,30,12,0.862564
5,20,30,16,0.871538
10,20,2,2,0.671538
10,20,2,4,0.820513
10,20,2,8,0.884103
10,20,2,10,0.89359
10,20,2,12,0.889487
10,20,2,16,0.88641
10,20,5,2,0.667436
10,20,5,4,0.828974
10,20,5,8,0.886667
10,20,5,10,0.887179
10,20,5,12,0.891282
10,20,5,16,0.885897
10,20,10,2,0.647949
10,20,10,4,0.828205
10,20,10,8,0.886667
10,20,10,10,0.875128
10,20,10,12,0.887949
10,20,10,16,0.889487
10,20,15,2,0.687179
10,20,15,4,0.832564
10,20,15,8,0.886154
10,20,15,10,0.884615
10,20,15,12,0.887179
10,20,15,16,0.881538
10,20,20,2,0.674359
10,20,20,4,0.832564
10,20,20,8,0.878718
10,20,20,10,0.882564
10,20,20,12,0.888718
10,20,20,16,0.888462
10,20,25,2,0.641795
10,20,25,4,0.831026
10,20,25,8,0.872308
10,20,25,10,0.88
10,20,25,12,0.878462
10,20,25,16,0.875897
10,20,30,2,0.677179
10,20,30,4,0.823077
10,20,30,8,0.871795
10,20,30,10,0.884359
10,20,30,12,0.884872
10,20,30,16,0.880769
15,4,2,2,0.669231
15,4,2,4,0.749231
15,4,2,8,0.765641
15,4,2,10,0.744872
15,4,2,12,0.730769
15,4,2,16,0.682821
15,4,5,2,0.667179
15,4,5,4,0.738718
15,4,5,8,0.754872
15,4,5,10,0.764103
15,4,5,12,0.721026
15,4,5,16,0.676154
15,4,10,2,0.674615
15,4,10,4,0.736667
15,4,10,8,0.760769
15,4,10,10,0.744615
15,4,10,12,0.74
15,4,10,16,0.67641
15,4,15,2,0.662821
15,4,15,4,0.759487
15,4,15,8,0.772051
15,4,15,10,0.748205
15,4,15,12,0.733333
15,4,15,16,0.674359
15,4,20,2,0.640769
15,4,20,4,0.735897
15,4,20,8,0.763077
15,4,20,10,0.747949
15,4,20,12,0.73
15,4,20,16,0.669744
15,4,25,2,0.683077
15,4,25,4,0.749744
15,4,25,8,0.745641
15,4,25,10,0.751282
15,4,25,12,0.721538
15,4,25,16,0.677692
15,4,30,2,0.67641
15,4,30,4,0.745641
15,4,30,8,0.758718
15,4,30,10,0.760513
15,4,30,12,0.724615
15,4,30,16,0.67359
15,8,2,2,0.707179
15,8,2,4,0.83
15,8,2,8,0.869231
15,8,2,10,0.872821
15,8,2,12,0.872308
15,8,2,16,0.863846
15,8,5,2,0.700769
15,8,5,4,0.84
15,8,5,8,0.872564
15,8,5,10,0.874359
15,8,5,12,0.876923
15,8,5,16,0.867949
15,8,10,2,0.725897
15,8,10,4,0.832821
15,8,10,8,0.877179
15,8,10,10,0.874103
15,8,10,12,0.879744
15,8,10,16,0.864103
15,8,15,2,0.690256
15,8,15,4,0.837692
15,8,15,8,0.867692
15,8,15,10,0.876923
15,8,15,12,0.874872
15,8,15,16,0.856154
15,8,20,2,0.707179
15,8,20,4,0.84
15,8,20,8,0.874359
15,8,20,10,0.872308
15,8,20,12,0.874103
15,8,20,16,0.861282
15,8,25,2,0.693077
15,8,25,4,0.830513
15,8,25,8,0.875128
15,8,25,10,0.875897
15,8,25,12,0.872564
15,8,25,16,0.865128
15,8,30,2,0.719231
15,8,30,4,0.831538
15,8,30,8,0.867949
15,8,30,10,0.869744
15,8,30,12,0.869487
15,8,30,16,0.855128
10,12,2,2,0.652051
10,12,2,4,0.824615
10,12,2,8,0.878974
10,12,2,10,0.891282
10,12,2,12,0.89
10,12,2,16,0.894103
10,12,5,2,0.663333
10,12,5,4,0.810769
10,12,5,8,0.881538
10,12,5,10,0.885128
10,12,5,12,0.885385
10,12,5,16,0.888974
10,12,10,2,0.693846
10,12,10,4,0.821282
10,12,10,8,0.880769
10,12,10,10,0.889231
10,12,10,12,0.892564
10,12,10,16,0.885641
10,12,15,2,0.666667
10,12,15,4,0.82641
10,12,15,8,0.870256
10,12,15,10,0.886923
10,12,15,12,0.887692
10,12,15,16,0.882308
10,12,20,2,0.671795
10,12,20,4,0.817692
10,12,20,8,0.883846
10,12,20,10,0.880769
10,12,20,12,0.887692
10,12,20,16,0.883333
10,12,25,2,0.677179
10,12,25,4,0.827692
10,12,25,8,0.874359
10,12,25,10,0.876154
10,12,25,12,0.879231
10,12,25,16,0.878462
10,12,30,2,0.675897
10,12,30,4,0.824103
10,12,30,8,0.878205
10,12,30,10,0.878462
10,12,30,12,0.88359
10,12,30,16,0.866667
10,16,2,2,0.68359
10,16,2,4,0.820256
10,16,2,8,0.881026
10,16,2,10,0.887692
10,16,2,12,0.894615
10,16,2,16,0.888205
10,16,5,2,0.672308
10,16,5,4,0.823077
10,16,5,8,0.876667
10,16,5,10,0.885385
10,16,5,12,0.89359
10,16,5,16,0.885385
10,16,10,2,0.668205
10,16,10,4,0.828462
10,16,10,8,0.882821
10,16,10,10,0.884872
10,16,10,12,0.895385
10,16,10,16,0.882564
10,16,15,2,0.670256
10,16,15,4,0.833333
10,16,15,8,0.875385
10,16,15,10,0.888462
10,16,15,12,0.884615
10,16,15,16,0.890256
10,16,20,2,0.674103
10,16,20,4,0.823077
10,16,20,8,0.882308
10,16,20,10,0.883077
10,16,20,12,0.888974
10,16,20,16,0.884872
10,16,25,2,0.662821
10,16,25,4,0.825897
10,16,25,8,0.869231
10,16,25,10,0.883846
10,16,25,12,0.881538
10,16,25,16,0.871026
10,16,30,2,0.69641
10,16,30,4,0.829487
10,16,30,8,0.867949
10,16,30,10,0.881795
10,16,30,12,0.88359
10,16,30,16,0.868462
20,4,2,2,0.69
20,4,2,4,0.762564
20,4,2,8,0.768718
20,4,2,10,0.752821
20,4,2,12,0.728718
20,4,2,16,0.673333
20,4,5,2,0.701026
20,4,5,4,0.748205
20,4,5,8,0.761282
20,4,5,10,0.748718
20,4,5,12,0.727692
20,4,5,16,0.674103
20,4,10,2,0.702564
20,4,10,4,0.75641
20,4,10,8,0.758205
20,4,10,10,0.752564
20,4,10,12,0.730513
20,4,10,16,0.684872
20,4,15,2,0.692308
20,4,15,4,0.754103
20,4,15,8,0.771282
20,4,15,10,0.744615
20,4,15,12,0.726667
20,4,15,16,0.680513
20,4,20,2,0.70359
20,4,20,4,0.771538
20,4,20,8,0.770769
20,4,20,10,0.746667
20,4,20,12,0.720256
20,4,20,16,0.679487
20,4,25,2,0.667949
20,4,25,4,0.762051
20,4,25,8,0.764103
20,4,25,10,0.748718
20,4,25,12,0.731538
20,4,25,16,0.67641
20,4,30,2,0.689487
20,4,30,4,0.749487
20,4,30,8,0.771282
20,4,30,10,0.747436
20,4,30,12,0.722308
20,4,30,16,0.669487
20,8,2,2,0.733846
20,8,2,4,0.846667
20,8,2,8,0.880256
20,8,2,10,0.877179
20,8,2,12,0.880256
20,8,2,16,0.870256
20,8,5,2,0.729487
20,8,5,4,0.850256
20,8,5,8,0.878718
20,8,5,10,0.874615
20,8,5,12,0.875128
20,8,5,16,0.870513
20,8,10,2,0.731026
20,8,10,4,0.855641
20,8,10,8,0.875128
20,8,10,10,0.878718
20,8,10,12,0.875128
20,8,10,16,0.872051
20,8,15,2,0.71641
20,8,15,4,0.842051
20,8,15,8,0.885128
20,8,15,10,0.871026
20,8,15,12,0.879231
20,8,15,16,0.865641
20,8,20,2,0.723846
20,8,20,4,0.847949
20,8,20,8,0.877692
20,8,20,10,0.872308
20,8,20,12,0.874103
20,8,20,16,0.859744
20,8,25,2,0.741282
20,8,25,4,0.849231
20,8,25,8,0.865641
20,8,25,10,0.878205
20,8,25,12,0.877692
20,8,25,16,0.870513
20,8,30,2,0.733333
20,8,30,4,0.846923
20,8,30,8,0.872564
20,8,30,10,0.875128
20,8,30,12,0.872821
20,8,30,16,0.862821
15,20,2,2,0.708974
15,20,2,4,0.842308
15,20,2,8,0.889487
15,20,2,10,0.898462
15,20,2,12,0.893333
15,20,2,16,0.899744
15,20,5,2,0.718718
15,20,5,4,0.846923
15,20,5,8,0.888205
15,20,5,10,0.891538
15,20,5,12,0.898205
15,20,5,16,0.895385
15,20,10,2,0.725641
15,20,10,4,0.852051
15,20,10,8,0.889744
15,20,10,10,0.892564
15,20,10,12,0.891795
15,20,10,16,0.894872
15,20,15,2,0.7
15,20,15,4,0.848462
15,20,15,8,0.891795
15,20,15,10,0.891282
15,20,15,12,0.900256
15,20,15,16,0.89
15,20,20,2,0.704872
15,20,20,4,0.841795
15,20,20,8,0.890256
15,20,20,10,0.888718
15,20,20,12,0.887949
15,20,20,16,0.878205
15,20,25,2,0.699231
15,20,25,4,0.845897
15,20,25,8,0.885385
15,20,25,10,0.888205
15,20,25,12,0.894359
15,20,25,16,0.881026
15,20,30,2,0.700256
15,20,30,4,0.844615
15,20,30,8,0.881026
15,20,30,10,0.890513
15,20,30,12,0.88359
15,20,30,16,0.878718
20,12,2,2,0.738205
20,12,2,4,0.860769
20,12,2,8,0.897436
20,12,2,10,0.897949
20,12,2,12,0.901538
20,12,2,16,0.898718
20,12,5,2,0.714615
20,12,5,4,0.85359
20,12,5,8,0.895897
20,12,5,10,0.895128
20,12,5,12,0.897692
20,12,5,16,0.897949
20,12,10,2,0.719487
20,12,10,4,0.857179
20,12,10,8,0.892564
20,12,10,10,0.894615
20,12,10,12,0.902308
20,12,10,16,0.892564
20,12,15,2,0.72641
20,12,15,4,0.857436
20,12,15,8,0.892308
20,12,15,10,0.900256
20,12,15,12,0.895641
20,12,15,16,0.894103
20,12,20,2,0.733077
20,12,20,4,0.855897
20,12,20,8,0.886923
20,12,20,10,0.890256
20,12,20,12,0.889744
20,12,20,16,0.886923
20,12,25,2,0.720256
20,12,25,4,0.847436
20,12,25,8,0.882564
20,12,25,10,0.885897
20,12,25,12,0.895385
20,12,25,16,0.889487
20,12,30,2,0.728205
20,12,30,4,0.84641
20,12,30,8,0.885641
20,12,30,10,0.891538
20,12,30,12,0.892564
20,12,30,16,0.876154
20,16,2,2,0.737436
20,16,2,4,0.855385
20,16,2,8,0.899231
20,16,2,10,0.900256
20,16,2,12,0.902308
20,16,2,16,0.900513
20,16,5,2,0.736667
20,16,5,4,0.862051
20,16,5,8,0.897436
20,16,5,10,0.894872
20,16,5,12,0.90359
20,16,5,16,0.902308
20,16,10,2,0.713077
20,16,10,4,0.861538
20,16,10,8,0.89
20,16,10,10,0.897692
20,16,10,12,0.901282
20,16,10,16,0.895385
20,16,15,2,0.731026
20,16,15,4,0.85641
20,16,15,8,0.888205
20,16,15,10,0.893077
20,16,15,12,0.901026
20,16,15,16,0.895128
20,16,20,2,0.731795
20,16,20,4,0.851538
20,16,20,8,0.89359
20,16,20,10,0.892564
20,16,20,12,0.893333
20,16,20,16,0.89
20,16,25,2,0.739231
20,16,25,4,0.854103
20,16,25,8,0.888462
20,16,25,10,0.891026
20,16,25,12,0.892308
20,16,25,16,0.887692
20,16,30,2,0.737692
20,16,30,4,0.857949
20,16,30,8,0.883846
20,16,30,10,0.894615
20,16,30,12,0.890513
20,16,30,16,0.882051
20,20,2,2,0.722564
20,20,2,4,0.85359
20,20,2,8,0.895897
20,20,2,10,0.902308
20,20,2,12,0.899744
20,20,2,16,0.89641
20,20,5,2,0.738462
20,20,5,4,0.863333
20,20,5,8,0.898205
20,20,5,10,0.902308
20,20,5,12,0.897949
20,20,5,16,0.895128
20,20,10,2,0.731795
20,20,10,4,0.846667
20,20,10,8,0.897179
20,20,10,10,0.898974
20,20,10,12,0.899231
20,20,10,16,0.888974
20,20,15,2,0.724872
20,20,15,4,0.850769
20,20,15,8,0.893077
20,20,15,10,0.895897
20,20,15,12,0.901026
20,20,15,16,0.892821
20,20,20,2,0.721282
20,20,20,4,0.85641
20,20,20,8,0.889487
20,20,20,10,0.897436
20,20,20,12,0.895385
20,20,20,16,0.889231
20,20,25,2,0.735385
20,20,25,4,0.854103
20,20,25,8,0.887179
20,20,25,10,0.888974
20,20,25,12,0.887179
20,20,25,16,0.883846
20,20,30,2,0.730513
20,20,30,4,0.844359
20,20,30,8,0.890256
20,20,30,10,0.888462
20,20,30,12,0.894359
20,20,30,16,0.880256
25,20,2,2,0.746667
25,20,2,4,0.867179
25,20,2,8,0.902308
25,20,2,10,0.902051
25,20,2,12,0.905897
25,20,2,16,0.896667
25,20,5,2,0.742308
25,20,5,4,0.865385
25,20,5,8,0.897179
25,20,5,10,0.895641
25,20,5,12,0.904359
25,20,5,16,0.896923
25,20,10,2,0.743333
25,20,10,4,0.86641
25,20,10,8,0.894615
25,20,10,10,0.900769
25,20,10,12,0.903333
25,20,10,16,0.897179
25,20,15,2,0.75
25,20,15,4,0.862821
25,20,15,8,0.897179
25,20,15,10,0.896667
25,20,15,12,0.899487
25,20,15,16,0.893077
25,20,20,2,0.747692
25,20,20,4,0.86
25,20,20,8,0.887692
25,20,20,10,0.903077
25,20,20,12,0.896667
25,20,20,16,0.887949
25,20,25,2,0.748974
25,20,25,4,0.866667
25,20,25,8,0.891795
25,20,25,10,0.893846
25,20,25,12,0.895385
25,20,25,16,0.885385
25,20,30,2,0.73641
25,20,30,4,0.858974
25,20,30,8,0.887949
25,20,30,10,0.893077
25,20,30,12,0.894872
25,20,30,16,0.884615
30,20,2,2,0.752564
30,20,2,4,0.868974
30,20,2,8,0.895128
30,20,2,10,0.901026
30,20,2,12,0.903333
30,20,2,16,0.894872
30,20,5,2,0.737179
30,20,5,4,0.868462
30,20,5,8,0.89641
30,20,5,10,0.903846
30,20,5,12,0.905897
30,20,5,16,0.898974
30,20,10,2,0.768462
30,20,10,4,0.863077
30,20,10,8,0.897949
30,20,10,10,0.901538
30,20,10,12,0.900513
30,20,10,16,0.898974
30,20,15,2,0.754103
30,20,15,4,0.863846
30,20,15,8,0.899231
30,20,15,10,0.904872
30,20,15,12,0.902051
30,20,15,16,0.896923
30,20,20,2,0.761538
30,20,20,4,0.870513
30,20,20,8,0.89641
30,20,20,10,0.896667
30,20,20,12,0.899231
30,20,20,16,0.890513
30,20,25,2,0.762564
30,20,25,4,0.862564
30,20,25,8,0.891026
30,20,25,10,0.894359
30,20,25,12,0.895897
30,20,25,16,0.885128
30,20,30,2,0.750256
30,20,30,4,0.861282
30,20,30,8,0.889231
30,20,30,10,0.898718
30,20,30,12,0.894872
30,20,30,16,0.879487
30,8,2,2,0.750256
30,8,2,4,0.852051
30,8,2,8,0.878974
30,8,2,10,0.884103
30,8,2,12,0.879487
30,8,2,16,0.874359
30,8,5,2,0.745641
30,8,5,4,0.846923
30,8,5,8,0.878205
30,8,5,10,0.886154
30,8,5,12,0.882821
30,8,5,16,0.868718
30,8,10,2,0.754872
30,8,10,4,0.858974
30,8,10,8,0.881282
30,8,10,10,0.880769
30,8,10,12,0.878974
30,8,10,16,0.872308
30,8,15,2,0.743333
30,8,15,4,0.853333
30,8,15,8,0.881538
30,8,15,10,0.875897
30,8,15,12,0.881282
30,8,15,16,0.867949
30,8,20,2,0.750513
30,8,20,4,0.849487
30,8,20,8,0.879487
30,8,20,10,0.877179
30,8,20,12,0.882564
30,8,20,16,0.869744
30,8,25,2,0.748462
30,8,25,4,0.856667
30,8,25,8,0.878462
30,8,25,10,0.878718
30,8,25,12,0.877949
30,8,25,16,0.86
30,8,30,2,0.753333
30,8,30,4,0.850769
30,8,30,8,0.881538
30,8,30,10,0.879744
30,8,30,12,0.878462
30,8,30,16,0.862051
15,12,2,2,0.704359
15,12,2,4,0.845641
15,12,2,8,0.888974
15,12,2,10,0.894872
15,12,2,12,0.89641
15,12,2,16,0.897179
15,12,5,2,0.713077
15,12,5,4,0.847179
15,12,5,8,0.890256
15,12,5,10,0.891538
15,12,5,12,0.896154
15,12,5,16,0.894359
15,12,10,2,0.712821
15,12,10,4,0.84359
15,12,10,8,0.891795
15,12,10,10,0.895897
15,12,10,12,0.9
15,12,10,16,0.886923
15,12,15,2,0.702564
15,12,15,4,0.848205
15,12,15,8,0.88359
15,12,15,10,0.887436
15,12,15,12,0.894103
15,12,15,16,0.885385
15,12,20,2,0.717179
15,12,20,4,0.845897
15,12,20,8,0.88641
15,12,20,10,0.887949
15,12,20,12,0.889744
15,12,20,16,0.879487
15,12,25,2,0.713846
15,12,25,4,0.845641
15,12,25,8,0.887179
15,12,25,10,0.885128
15,12,25,12,0.888718
15,12,25,16,0.882308
15,12,30,2,0.691538
15,12,30,4,0.84359
15,12,30,8,0.886667
15,12,30,10,0.889487
15,12,30,12,0.88641
15,12,30,16,0.881282
15,16,2,2,0.689231
15,16,2,4,0.84641
15,16,2,8,0.893846
15,16,2,10,0.897692
15,16,2,12,0.899487
15,16,2,16,0.898462
15,16,5,2,0.715128
15,16,5,4,0.842308
15,16,5,8,0.889231
15,16,5,10,0.898974
15,16,5,12,0.895385
15,16,5,16,0.895128
15,16,10,2,0.719744
15,16,10,4,0.849231
15,16,10,8,0.894359
15,16,10,10,0.891282
15,16,10,12,0.902051
15,16,10,16,0.888462
15,16,15,2,0.701795
15,16,15,4,0.850256
15,16,15,8,0.884872
15,16,15,10,0.890769
15,16,15,12,0.896154
15,16,15,16,0.893333
15,16,20,2,0.700256
15,16,20,4,0.848205
15,16,20,8,0.883846
15,16,20,10,0.891795
15,16,20,12,0.89359
15,16,20,16,0.882051
15,16,25,2,0.727949
15,16,25,4,0.843846
15,16,25,8,0.889231
15,16,25,10,0.89
15,16,25,12,0.884359
15,16,25,16,0.878462
15,16,30,2,0.69359
15,16,30,4,0.838462
15,16,30,8,0.882308
15,16,30,10,0.888205
15,16,30,12,0.888462
15,16,30,16,0.877436
30,4,2,2,0.718462
30,4,2,4,0.771795
30,4,2,8,0.774359
30,4,2,10,0.754103
30,4,2,12,0.740769
30,4,2,16,0.675641
30,4,5,2,0.716154
30,4,5,4,0.776667
30,4,5,8,0.776923
30,4,5,10,0.748462
30,4,5,12,0.731026
30,4,5,16,0.681026
30,4,10,2,0.698462
30,4,10,4,0.755897
30,4,10,8,0.771795
30,4,10,10,0.755897
30,4,10,12,0.722564
30,4,10,16,0.675641
30,4,15,2,0.696923
30,4,15,4,0.78
30,4,15,8,0.773077
30,4,15,10,0.756923
30,4,15,12,0.732821
30,4,15,16,0.678205
30,4,20,2,0.732564
30,4,20,4,0.777179
30,4,20,8,0.771282
30,4,20,10,0.775641
30,4,20,12,0.727692
30,4,20,16,0.673846
30,4,25,2,0.731026
30,4,25,4,0.771026
30,4,25,8,0.778205
30,4,25,10,0.753077
30,4,25,12,0.72
30,4,25,16,0.678974
30,4,30,2,0.73
30,4,30,4,0.771026
30,4,30,8,0.778205
30,4,30,10,0.756154
30,4,30,12,0.72359
30,4,30,16,0.68359
25,4,2,2,0.711026
25,4,2,4,0.76641
25,4,2,8,0.777692
25,4,2,10,0.753333
25,4,2,12,0.738205
25,4,2,16,0.675897
25,4,5,2,0.691282
25,4,5,4,0.750513
25,4,5,8,0.76641
25,4,5,10,0.761795
25,4,5,12,0.727949
25,4,5,16,0.677949
25,4,10,2,0.706923
25,4,10,4,0.764615
25,4,10,8,0.778974
25,4,10,10,0.76359
25,4,10,12,0.734615
25,4,10,16,0.671282
25,4,15,2,0.696923
25,4,15,4,0.77
25,4,15,8,0.772564
25,4,15,10,0.757179
25,4,15,12,0.734359
25,4,15,16,0.670769
25,4,20,2,0.711795
25,4,20,4,0.768974
25,4,20,8,0.779231
25,4,20,10,0.754615
25,4,20,12,0.731282
25,4,20,16,0.673077
25,4,25,2,0.693333
25,4,25,4,0.768462
25,4,25,8,0.782821
25,4,25,10,0.742051
25,4,25,12,0.729231
25,4,25,16,0.682051
25,4,30,2,0.697436
25,4,30,4,0.759744
25,4,30,8,0.769231
25,4,30,10,0.746154
25,4,30,12,0.733333
25,4,30,16,0.680256
25,8,2,2,0.742821
25,8,2,4,0.849231
25,8,2,8,0.882821
25,8,2,10,0.879231
25,8,2,12,0.875128
25,8,2,16,0.864872
25,8,5,2,0.737692
25,8,5,4,0.851026
25,8,5,8,0.876667
25,8,5,10,0.884615
25,8,5,12,0.878462
25,8,5,16,0.867179
25,8,10,2,0.742051
25,8,10,4,0.85641
25,8,10,8,0.879231
25,8,10,10,0.878974
25,8,10,12,0.875897
25,8,10,16,0.87
25,8,15,2,0.744872
25,8,15,4,0.855128
25,8,15,8,0.881538
25,8,15,10,0.877949
25,8,15,12,0.877692
25,8,15,16,0.868462
25,8,20,2,0.740513
25,8,20,4,0.850769
25,8,20,8,0.87641
25,8,20,10,0.875641
25,8,20,12,0.878974
25,8,20,16,0.871026
25,8,25,2,0.743333
25,8,25,4,0.851282
25,8,25,8,0.874103
25,8,25,10,0.883077
25,8,25,12,0.879487
25,8,25,16,0.867949
25,8,30,2,0.734872
25,8,30,4,0.846923
25,8,30,8,0.877949
25,8,30,10,0.88
25,8,30,12,0.875128
25,8,30,16,0.867692
30,12,2,2,0.74641
30,12,2,4,0.868718
30,12,2,8,0.89641
30,12,2,10,0.903333
30,12,2,12,0.905128
30,12,2,16,0.896923
30,12,5,2,0.757436
30,12,5,4,0.875641
30,12,5,8,0.895897
30,12,5,10,0.897436
30,12,5,12,0.903077
30,12,5,16,0.9
30,12,10,2,0.758205
30,12,10,4,0.863846
30,12,10,8,0.892308
30,12,10,10,0.897179
30,12,10,12,0.902308
30,12,10,16,0.901795
30,12,15,2,0.754359
30,12,15,4,0.864872
30,12,15,8,0.896667
30,12,15,10,0.897949
30,12,15,12,0.900769
30,12,15,16,0.893846
30,12,20,2,0.761795
30,12,20,4,0.859231
30,12,20,8,0.891538
30,12,20,10,0.891282
30,12,20,12,0.904359
30,12,20,16,0.891282
30,12,25,2,0.740769
30,12,25,4,0.861795
30,12,25,8,0.895641
30,12,25,10,0.897692
30,12,25,12,0.903077
30,12,25,16,0.887436
30,12,30,2,0.760769
30,12,30,4,0.863333
30,12,30,8,0.887436
30,12,30,10,0.898718
30,12,30,12,0.898462
30,12,30,16,0.880513
30,16,2,2,0.753846
30,16,2,4,0.874615
30,16,2,8,0.897436
30,16,2,10,0.903846
30,16,2,12,0.903077
30,16,2,16,0.898718
30,16,5,2,0.735897
30,16,5,4,0.87
30,16,5,8,0.895128
30,16,5,10,0.898974
30,16,5,12,0.904872
30,16,5,16,0.898462
30,16,10,2,0.755897
30,16,10,4,0.868205
30,16,10,8,0.897692
30,16,10,10,0.904103
30,16,10,12,0.904359
30,16,10,16,0.890256
30,16,15,2,0.743846
30,16,15,4,0.865128
30,16,15,8,0.89641
30,16,15,10,0.896923
30,16,15,12,0.904615
30,16,15,16,0.898974
30,16,20,2,0.751282
30,16,20,4,0.866923
30,16,20,8,0.891026
30,16,20,10,0.898718
30,16,20,12,0.897949
30,16,20,16,0.886923
30,16,25,2,0.753333
30,16,25,4,0.864615
30,16,25,8,0.892564
30,16,25,10,0.894615
30,16,25,12,0.897436
30,16,25,16,0.883846
30,16,30,2,0.770769
30,16,30,4,0.867436
30,16,30,8,0.895641
30,16,30,10,0.894359
30,16,30,12,0.896667
30,16,30,16,0.885641
25,12,2,2,0.734103
25,12,2,4,0.859231
25,12,2,8,0.898205
25,12,2,10,0.895385
25,12,2,12,0.900769
25,12,2,16,0.892821
25,12,5,2,0.751282
25,12,5,4,0.865128
25,12,5,8,0.897436
25,12,5,10,0.898462
25,12,5,12,0.898462
25,12,5,16,0.893846
25,12,10,2,0.750769
25,12,10,4,0.862051
25,12,10,8,0.895385
25,12,10,10,0.897949
25,12,10,12,0.897949
25,12,10,16,0.895385
25,12,15,2,0.73641
25,12,15,4,0.864103
25,12,15,8,0.894872
25,12,15,10,0.891795
25,12,15,12,0.900513
25,12,15,16,0.892821
25,12,20,2,0.742564
25,12,20,4,0.86
25,12,20,8,0.888718
25,12,20,10,0.897692
25,12,20,12,0.899231
25,12,20,16,0.888205
25,12,25,2,0.751538
25,12,25,4,0.856667
25,12,25,8,0.887436
25,12,25,10,0.893077
25,12,25,12,0.891026
25,12,25,16,0.882564
25,12,30,2,0.754872
25,12,30,4,0.858718
25,12,30,8,0.895641
25,12,30,10,0.894615
25,12,30,12,0.888205
25,12,30,16,0.884615
25,16,2,2,0.750256
25,16,2,4,0.867949
25,16,2,8,0.906154
25,16,2,10,0.901026
25,16,2,12,0.903846
25,16,2,16,0.891795
25,16,5,2,0.746154
25,16,5,4,0.854615
25,16,5,8,0.896667
25,16,5,10,0.901538
25,16,5,12,0.900513
25,16,5,16,0.900769
25,16,10,2,0.735128
25,16,10,4,0.866923
25,16,10,8,0.896923
25,16,10,10,0.901538
25,16,10,12,0.900769
25,16,10,16,0.897949
25,16,15,2,0.736667
25,16,15,4,0.866154
25,16,15,8,0.896923
25,16,15,10,0.900256
25,16,15,12,0.898205
25,16,15,16,0.890256
25,16,20,2,0.745385
25,16,20,4,0.863333
25,16,20,8,0.894103
25,16,20,10,0.898205
25,16,20,12,0.895641
25,16,20,16,0.896923
25,16,25,2,0.750769
25,16,25,4,0.859231
25,16,25,8,0.893846
25,16,25,10,0.891538
25,16,25,12,0.894872
25,16,25,16,0.887436
25,16,30,2,0.749744
25,16,30,4,0.860513
25,16,30,8,0.888205
25,16,30,10,0.891026
25,16,30,12,0.892821
25,16,30,16,0.884359
